PruebasAcumuladasDepto=[93.57996781646,19.474940334129,467.040555425769,434.17661097852,3,PruebasAcumuladasDepto.csv,26];
CasosAcumuladosDepto=[92.43438319189,447.92362768496,468.186140050337,859.18854415274,3,CasosAcumuladosDepto.csv,26];
CasosPositivosEdades=[124.51075267981,76.754176610979,204.7016763996,492.60143198091,14,CasosPositivosEdades.csv,5];
MuertesAcumuladasDepto=[109.61815256042,294.41527446301,463.603801552063,624.34367541766,21,MuertesAcumuladasDepto.csv,26];
CasosAcumuDistrito2020P1=[83.26970619535,90.501193317422,415.48924732019,478.85441527446,76,CasosAcumuDistrito2020P1.csv,22];
CasosAcumuDistrito2020P2=[85.56087544448,485.72792362768,415.48924732019,869.49880668258,76,CasosAcumuDistrito2020P2.csv,22];
CasosAcumuDistrito2021P1=[95.8711370656,79.045346062053,428.09067819044,470.8353221957,77,CasosAcumuDistrito2021P1.csv,22];
CasosAcumuDistrito2021P2=[94.72555244103,481.14558472554,428.09067819044,859.18854415274,77,CasosAcumuDistrito2021P2.csv,22];
MuertesAcumulaDistritoP1=[93.57996781646,117.99522673031,426.94509356587,461.67064439141,80,MuertesAcumulaDistritoP1.csv,22];
MuertesAcumulaDistritoP2=[93.57996781646,493.74701670644,425.79950894131,827.11217183771,80,MuertesAcumulaDistritoP2.csv,22];
ReportPath = D:/temporary/DGE-MINSA_Reports_2021/07_2021/;
ReportName = coronavirus090721.pdf;
Date = 2021-07-08;
