PruebasAcumuladasDepto=[91.28879856733,11.45584725537,467.040555425769,429.59427207637,3,PruebasAcumuladasDepto.csv,26];
CasosAcumuladosDepto=[93.57996781646,463.96181384248,467.040555425769,854.6062052506,3,CasosAcumuladosDepto.csv,26];
CasosPositivosEdades=[121.07399880611,82.482100238663,200.11933790133,493.74701670644,14,CasosPositivosEdades.csv,5];
MuertesAcumuladasDepto=[109.61815256042,286.39618138425,463.603801552063,636.94510739857,21,MuertesAcumuladasDepto.csv,26];
CasosAcumuDistrito2020P1=[95.8711370656,96.229116945107,425.79950894131,481.14558472554,76,CasosAcumuDistrito2020P1.csv,22];
CasosAcumuDistrito2020P2=[93.57996781646,491.45584725537,426.94509356587,876.3723150358,76,CasosAcumuDistrito2020P2.csv,22];
CasosAcumuDistrito2021P1=[93.57996781646,88.210023866348,424.65392431674,475.41766109785,77,CasosAcumuDistrito2021P1.csv,22];
CasosAcumuDistrito2021P2=[94.72555244103,488.01909307876,426.94509356587,864.91646778043,77,CasosAcumuDistrito2021P2.csv,22];
MuertesAcumulaDistritoP1=[79.83295232164,124.86873508353,409.76132419735,450.21479713604,80,MuertesAcumulaDistritoP1.csv,22];
MuertesAcumulaDistritoP2=[79.83295232164,494.89260143198,410.90690882192,822.52983293556,80,MuertesAcumulaDistritoP2.csv,22];
ReportPath = D:/temporary/DGE-MINSA_Reports_2021/07_2021/;
ReportName = coronavirus290721.pdf;
Date = 2021-07-29;
