PruebasAcumuladasDepto=[98.16230631474,11.45584725537,476.205232422316,452.50596658711,3,PruebasAcumuladasDepto.csv,26];
CasosAcumuladosDepto=[97.01672169017,461.67064439141,476.205232422316,864.91646778043,3,CasosAcumuladosDepto.csv,26];
CasosPositivosEdades=[124.51075267981,21.766109785203,224.17661501726,556.75417661098,15,CasosPositivosEdades.csv,5];
MuertesAcumuladasDepto=[98.16230631474,1.145584725537,483.078740169727,539.57040572792,21,MuertesAcumuladasDepto.csv,26];
CasosAcumuDistrito2020P1=[116.49166030783,60.715990453461,442.983278309832,473.12649164678,77,CasosAcumuDistrito2020P1.csv,22];
CasosAcumuDistrito2020P2=[116.49166030783,480.0,444.1288629344,892.41050119332,77,CasosAcumuDistrito2020P2.csv,22];
CasosAcumuDistrito2021P1=[115.34607568326,58.424821002387,442.983278309832,470.8353221957,78,CasosAcumuDistrito2021P1.csv,22];
CasosAcumuDistrito2021P2=[116.49166030783,482.29116945107,442.983278309832,887.82816229117,78,CasosAcumuDistrito2021P2.csv,22];
MuertesAcumulaDistritoP1=[107.32698331128,183.29355608592,437.25535518699,458.2338902148,81,MuertesAcumulaDistritoP1.csv,22];
MuertesAcumulaDistritoP2=[107.32698331128,469.68973747017,437.25535518699,768.68735083532,81,MuertesAcumulaDistritoP2.csv,22];
ReportPath = D:/temporary/DGE-MINSA_Reports_2021/05_2021/;
ReportName = coronavirus120521.pdf;
Date = 2021-05-11;
