PruebasAcumuladasDepto=[97.01672169017,59.570405727924,475.059647797748,461.67064439141,3,PruebasAcumuladasDepto.csv,26];
CasosAcumuladosDepto=[97.01672169017,485.72792362768,476.205232422316,867.2076372315,3,CasosAcumuladosDepto.csv,26];
CasosPositivosEdades=[145.13127592204,16.038186157518,224.17661501726,443.34128878282,14,CasosPositivosEdades.csv,5];
MuertesAcumuladasDepto=[110.76373718499,278.37708830549,462.458216927495,636.94510739857,22,MuertesAcumuladasDepto.csv,26];
CasosAcumuDistrito2020P1=[114.20049105869,79.045346062053,446.420032183537,473.12649164678,77,CasosAcumuDistrito2020P1.csv,22];
CasosAcumuDistrito2020P2=[113.05490643413,477.70883054893,445.274447558969,874.08114558473,77,CasosAcumuDistrito2020P2.csv,22];
CasosAcumuDistrito2021P1=[113.05490643413,84.773269689737,446.420032183537,475.41766109785,78,CasosAcumuDistrito2021P1.csv,22];
CasosAcumuDistrito2021P2=[113.05490643413,477.70883054893,446.420032183537,874.08114558473,78,CasosAcumuDistrito2021P2.csv,22];
MuertesAcumulaDistritoP1=[106.18139868672,127.15990453461,438.40093981156,461.67064439141,81,MuertesAcumulaDistritoP1.csv,22];
MuertesAcumulaDistritoP2=[107.32698331128,467.39856801909,437.25535518699,829.40334128878,81,MuertesAcumulaDistritoP2.csv,22];
ReportPath = D:/temporary/DGE-MINSA_Reports_2021/10_2021/;
ReportName = coronavirus251021.pdf;
Date = 2021-10-26;
