PruebasAcumuladasDepto=[97.01672169017,10.310262529833,470.477309299474,427.3031026253,3,PruebasAcumuladasDepto.csv,26];
CasosAcumuladosDepto=[95.8711370656,458.2338902148,471.622893924042,867.2076372315,3,CasosAcumuladosDepto.csv,26];
CasosPositivosEdades=[143.98569129747,19.474940334129,226.4677842664,437.61336515513,14,CasosPositivosEdades.csv,5];
MuertesAcumuladasDepto=[109.61815256042,285.25059665871,462.458216927495,636.94510739857,21,MuertesAcumuladasDepto.csv,26];
CasosAcumuDistrito2020P1=[113.05490643413,69.880668257757,446.420032183537,459.37947494033,76,CasosAcumuDistrito2020P1.csv,22];
CasosAcumuDistrito2020P2=[113.05490643413,463.96181384248,446.420032183537,871.78997613365,76,CasosAcumuDistrito2020P2.csv,22];
CasosAcumuDistrito2021P1=[113.05490643413,71.026252983294,446.420032183537,457.08830548926,77,CasosAcumuDistrito2021P1.csv,22];
CasosAcumuDistrito2021P2=[113.05490643413,463.96181384248,445.274447558969,862.62529832936,77,CasosAcumuDistrito2021P2.csv,22];
MuertesAcumulaDistritoP1=[106.18139868672,116.84964200477,437.25535518699,457.08830548926,80,MuertesAcumulaDistritoP1.csv,22];
MuertesAcumulaDistritoP2=[106.18139868672,489.1646778043,434.96418593785,827.11217183771,80,MuertesAcumulaDistritoP2.csv,22];
ReportPath = D:/temporary/DGE-MINSA_Reports_2021/08_2021/;
ReportName = coronavirus190821.pdf;
Date = 2021-08-18;
