PruebasAcumuladasDepto=[109.61815256042,522.38663484487,451.002370681811,907.3031026253,3,PruebasAcumuladasDepto.csv,26];
CasosAcumuladosDepto=[108.47256793585,11.45584725537,449.856786057242,389.49880668258,3,CasosAcumuladosDepto.csv,26];
CasosPositivosEdades=[139.4033527992,19.474940334129,221.88544576813,433.03102625298,14,CasosPositivosEdades.csv,5];
MuertesAcumuladasDepto=[108.47256793585,285.25059665871,464.749386176632,635.79952267303,21,MuertesAcumuladasDepto.csv,26];
CasosAcumuDistrito2020P1=[114.20049105869,83.6276849642,446.420032183537,471.98090692124,76,CasosAcumuDistrito2020P1.csv,22];
CasosAcumuDistrito2020P2=[114.20049105869,478.85441527446,445.274447558969,861.47971360382,76,CasosAcumuDistrito2020P2.csv,22];
CasosAcumuDistrito2021P1=[113.05490643413,87.064439140811,448.711201432674,473.12649164678,77,CasosAcumuDistrito2021P1.csv,22];
CasosAcumuDistrito2021P2=[114.20049105869,483.43675417661,446.420032183537,861.47971360382,77,CasosAcumuDistrito2021P2.csv,22];
MuertesAcumulaDistritoP1=[107.32698331128,114.5584725537,439.54652443613,466.25298329356,80,MuertesAcumulaDistritoP1.csv,22];
MuertesAcumulaDistritoP2=[107.32698331128,486.87350835322,438.40093981156,820.23866348449,80,MuertesAcumulaDistritoP2.csv,22];
ReportPath = D:/temporary/DGE-MINSA_Reports_2021/08_2021/;
ReportName = coronavirus090821.pdf;
Date = 2021-08-08;
