PruebasAcumuladasDepto=[94.72555244103,13.747016706444,444.1288629344,437.61336515513,3,PruebasAcumuladasDepto.csv,26];
CasosAcumuladosDepto=[92.43438319189,454.79713603819,453.293539930948,955.41766109785,3,CasosAcumuladosDepto.csv,26];
CasosPositivosEdades=[143.98569129747,21.766109785203,225.32219964183,463.96181384248,14,CasosPositivosEdades.csv,5];
MuertesAcumuladasDepto=[108.47256793585,279.52267303103,461.312632302927,644.96420047733,21,MuertesAcumuladasDepto.csv,26];
CasosAcumuDistrito2020P1=[117.6372449324,64.152744630072,439.54652443613,477.70883054893,76,CasosAcumuDistrito2020P1.csv,22];
CasosAcumuDistrito2020P2=[118.78282955697,480.0,439.54652443613,898.138424821,76,CasosAcumuDistrito2020P2.csv,22];
CasosAcumuDistrito2021P1=[118.78282955697,67.589498806683,440.692109060695,475.41766109785,77,CasosAcumuDistrito2021P1.csv,22];
CasosAcumuDistrito2021P2=[117.6372449324,480.0,439.54652443613,894.70167064439,77,CasosAcumuDistrito2021P2.csv,22];
MuertesAcumulaDistritoP1=[113.05490643413,98.520286396181,430.38184743958,482.29116945107,80,MuertesAcumulaDistritoP1.csv,22];
ReportPath = D:/temporary/DGE-MINSA_Reports_2021/09_2021/;
ReportName = coronavirus010921.pdf;
Date = 2021-09-01;
