PruebasAcumuladasDepto=[102.74464481301,26.348448687351,463.603801552063,426.15751789976,3,PruebasAcumuladasDepto.csv,26];
CasosAcumuladosDepto=[102.74464481301,486.87350835322,463.603801552063,871.78997613365,3,CasosAcumuladosDepto.csv,26];
CasosPositivosEdades=[135.96659892549,20.620525059666,215.01193802072,435.32219570406,14,CasosPositivosEdades.csv,5];
MuertesAcumuladasDepto=[109.61815256042,290.9785202864,463.603801552063,639.23627684964,21,MuertesAcumuladasDepto.csv,26];
CasosAcumuDistrito2020P1=[114.20049105869,82.482100238663,446.420032183537,471.98090692124,76,CasosAcumuDistrito2020P1.csv,22];
CasosAcumuDistrito2020P2=[114.20049105869,478.85441527446,446.420032183537,864.91646778043,76,CasosAcumuDistrito2020P2.csv,22];
CasosAcumuDistrito2021P1=[114.20049105869,83.6276849642,447.565616808105,465.10739856802,77,CasosAcumuDistrito2021P1.csv,22];
CasosAcumuDistrito2021P2=[114.20049105869,478.85441527446,445.274447558969,860.33412887828,77,CasosAcumuDistrito2021P2.csv,22];
MuertesAcumulaDistritoP1=[106.18139868672,184.43914081146,438.40093981156,453.65155131265,80,MuertesAcumulaDistritoP1.csv,22];
MuertesAcumulaDistritoP2=[107.32698331128,470.8353221957,436.10977056242,764.10501193317,80,MuertesAcumulaDistritoP2.csv,22];
ReportPath = D:/temporary/DGE-MINSA_Reports_2021/06_2021/;
ReportName = coronavirus170621.pdf;
Date = 2021-06-16;
