PruebasAcumuladasDepto=[94.72555244103,21.766109785203,464.749386176632,435.32219570406,3,PruebasAcumuladasDepto.csv,26];
CasosAcumuladosDepto=[93.57996781646,457.08830548926,465.8949708012,860.33412887828,3,CasosAcumuladosDepto.csv,26];
CasosPositivosEdades=[125.65633730438,65.298329355609,205.84726102417,485.72792362768,14,CasosPositivosEdades.csv,5];
MuertesAcumuladasDepto=[115.34607568326,282.95942720764,472.768478548611,636.94510739857,21,MuertesAcumuladasDepto.csv,26];
CasosAcumuDistrito2020P1=[94.72555244103,77.899761336516,426.94509356587,476.56324582339,76,CasosAcumuDistrito2020P1.csv,22];
CasosAcumuDistrito2020P2=[93.57996781646,482.29116945107,425.79950894131,863.77088305489,76,CasosAcumuDistrito2020P2.csv,22];
CasosAcumuDistrito2021P1=[94.72555244103,83.6276849642,425.79950894131,474.27207637232,77,CasosAcumuDistrito2021P1.csv,22];
CasosAcumuDistrito2021P2=[94.72555244103,480.0,428.09067819044,861.47971360382,77,CasosAcumuDistrito2021P2.csv,22];
MuertesAcumulaDistritoP1=[90.14321394276,124.86873508353,422.3627550676,463.96181384248,80,MuertesAcumulaDistritoP1.csv,22];
MuertesAcumulaDistritoP2=[88.99762931819,492.60143198091,418.92600119389,830.54892601432,80,MuertesAcumulaDistritoP2.csv,22];
ReportPath = D:/temporary/DGE-MINSA_Reports_2021/07_2021/;
ReportName = coronavirus270721.pdf;
Date = 2021-07-26;
