PruebasAcumuladasDepto=[98.16230631474,96.229116945107,478.496401671453,389.49880668258,3,PruebasAcumuladasDepto.csv,26];
CasosAcumuladosDepto=[97.01672169017,555.60859188544,478.496401671453,836.276849642,3,CasosAcumuladosDepto.csv,26];
CasosPositivosEdades=[140.54893742377,24.057279236277,219.59427651899,461.67064439141,14,CasosPositivosEdades.csv,5];
MuertesAcumuladasDepto=[108.47256793585,281.8138424821,461.312632302927,638.0906921241,22,MuertesAcumuladasDepto.csv,26];
CasosAcumuDistrito2020P1=[117.6372449324,61.861575178998,438.40093981156,475.41766109785,77,CasosAcumuDistrito2020P1.csv,22];
CasosAcumuDistrito2020P2=[118.78282955697,478.85441527446,437.25535518699,888.97374701671,77,CasosAcumuDistrito2020P2.csv,22];
CasosAcumuDistrito2021P1=[117.6372449324,65.298329355609,441.837693685263,470.8353221957,78,CasosAcumuDistrito2021P1.csv,22];
CasosAcumuDistrito2021P2=[118.78282955697,477.70883054893,439.54652443613,883.24582338902,78,CasosAcumuDistrito2021P2.csv,22];
MuertesAcumulaDistritoP1=[110.76373718499,107.68496420048,431.52743206415,459.37947494033,81,MuertesAcumulaDistritoP1.csv,22];
MuertesAcumulaDistritoP2=[110.76373718499,470.8353221957,430.38184743958,838.56801909308,81,MuertesAcumulaDistritoP2.csv,22];
ReportPath = D:/temporary/DGE-MINSA_Reports_2021/10_2021/;
ReportName = coronavirus171021.pdf;
Date = 2021-10-18;
