PruebasAcumuladasDepto=[106.18139868672,14.892601431981,486.515494043432,429.59427207637,3,PruebasAcumuladasDepto.csv,26];
CasosAcumuladosDepto=[106.18139868672,447.92362768496,477.350817046884,839.71360381862,3,CasosAcumuladosDepto.csv,26];
CasosPositivosEdades=[142.84010667291,18.329355608592,221.88544576813,451.36038186158,14,CasosPositivosEdades.csv,5];
MuertesAcumuladasDepto=[109.61815256042,295.56085918854,461.312632302927,638.0906921241,21,MuertesAcumuladasDepto.csv,26];
CasosAcumuDistrito2020P1=[118.78282955697,63.007159904535,441.837693685263,470.8353221957,76,CasosAcumuDistrito2020P1.csv,22];
CasosAcumuDistrito2020P2=[117.6372449324,478.85441527446,441.837693685263,884.39140811456,76,CasosAcumuDistrito2020P2.csv,22];
CasosAcumuDistrito2021P1=[118.78282955697,66.443914081146,441.837693685263,475.41766109785,77,CasosAcumuDistrito2021P1.csv,22];
CasosAcumuDistrito2021P2=[118.78282955697,481.14558472554,439.54652443613,876.3723150358,77,CasosAcumuDistrito2021P2.csv,22];
MuertesAcumulaDistritoP1=[111.90932180956,100.81145584726,432.67301668872,447.92362768496,80,MuertesAcumulaDistritoP1.csv,22];
MuertesAcumulaDistritoP2=[111.90932180956,490.31026252983,432.67301668872,840.85918854415,80,MuertesAcumulaDistritoP2.csv,22];
ReportPath = D:/temporary/DGE-MINSA_Reports_2021/08_2021/;
ReportName = coronavirus150821.pdf;
Date = 2021-08-14;
