PruebasAcumuladasDepto=[94.72555244103,45.82338902148,478.496401671453,435.32219570406,3,PruebasAcumuladasDepto.csv,26];
CasosAcumuladosDepto=[97.01672169017,461.67064439141,478.496401671453,854.6062052506,3,CasosAcumuladosDepto.csv,26];
CasosPositivosEdades=[145.13127592204,24.057279236277,224.17661501726,434.17661097852,14,CasosPositivosEdades.csv,5];
MuertesAcumuladasDepto=[108.47256793585,284.10501193317,462.458216927495,632.36276849642,22,MuertesAcumuladasDepto.csv,26];
CasosAcumuDistrito2020P1=[114.20049105869,88.210023866348,445.274447558969,471.98090692124,77,CasosAcumuDistrito2020P1.csv,22];
CasosAcumuDistrito2020P2=[113.05490643413,481.14558472554,445.274447558969,863.77088305489,77,CasosAcumuDistrito2020P2.csv,22];
CasosAcumuDistrito2021P1=[113.05490643413,82.482100238663,446.420032183537,471.98090692124,78,CasosAcumuDistrito2021P1.csv,22];
CasosAcumuDistrito2021P2=[113.05490643413,478.85441527446,446.420032183537,864.91646778043,78,CasosAcumuDistrito2021P2.csv,22];
MuertesAcumulaDistritoP1=[106.18139868672,130.59665871122,437.25535518699,452.50596658711,81,MuertesAcumulaDistritoP1.csv,22];
MuertesAcumulaDistritoP2=[106.18139868672,474.27207637232,437.25535518699,812.21957040573,81,MuertesAcumulaDistritoP2.csv,22];
ReportPath = D:/temporary/DGE-MINSA_Reports_2021/10_2021/;
ReportName = coronavirus111021.pdf;
Date = 2021-10-12;
