PruebasAcumuladasDepto=[98.16230631474,6.873508353222,478.496401671453,446.77804295943,3,PruebasAcumuladasDepto.csv,26];
CasosAcumuladosDepto=[97.01672169017,459.37947494033,475.059647797748,870.64439140811,3,CasosAcumuladosDepto.csv,26];
CasosPositivosEdades=[125.65633730438,21.766109785203,227.61336889097,556.75417661098,15,CasosPositivosEdades.csv,5];
MuertesAcumuladasDepto=[106.18139868672,0.0,488.806663292569,513.22195704057,21,MuertesAcumuladasDepto.csv,26];
CasosAcumuDistrito2020P1=[102.74464481301,32.076372315036,455.584709180084,463.96181384248,76,CasosAcumuDistrito2020P1.csv,22];
CasosAcumuDistrito2020P2=[102.74464481301,483.43675417661,454.439124555516,921.05011933174,76,CasosAcumuDistrito2020P2.csv,22];
CasosAcumuDistrito2021P1=[102.74464481301,25.202863961814,457.875878429221,468.54415274463,77,CasosAcumuDistrito2021P1.csv,22];
CasosAcumuDistrito2021P2=[100.45347556387,483.43675417661,456.730293804653,915.32219570406,77,CasosAcumuDistrito2021P2.csv,22];
MuertesAcumulaDistritoP1=[105.03581406215,182.14797136038,438.40093981156,458.2338902148,80,MuertesAcumulaDistritoP1.csv,22];
MuertesAcumulaDistritoP2=[107.32698331128,467.39856801909,437.25535518699,773.26968973747,80,MuertesAcumulaDistritoP2.csv,22];
ReportPath = D:/temporary/DGE-MINSA_Reports_2021/04_2021/;
ReportName = coronavirus070421.pdf;
Date = 2021-04-06;
