PruebasAcumuladasDepto=[103.89022943758,14.892601431981,471.622893924042,427.3031026253,3,PruebasAcumuladasDepto.csv,26];
CasosAcumuladosDepto=[103.89022943758,467.39856801909,471.622893924042,874.08114558473,3,CasosAcumuladosDepto.csv,26];
CasosPositivosEdades=[126.80192192895,20.620525059666,208.13843027331,431.88544152745,14,CasosPositivosEdades.csv,5];
MuertesAcumuladasDepto=[116.49166030783,285.25059665871,471.622893924042,641.52744630072,21,MuertesAcumuladasDepto.csv,26];
CasosAcumuDistrito2020P1=[114.20049105869,84.773269689737,446.420032183537,465.10739856802,76,CasosAcumuDistrito2020P1.csv,22];
CasosAcumuDistrito2020P2=[114.20049105869,478.85441527446,444.1288629344,863.77088305489,76,CasosAcumuDistrito2020P2.csv,22];
CasosAcumuDistrito2021P1=[115.34607568326,84.773269689737,447.565616808105,462.81622911695,77,CasosAcumuDistrito2021P1.csv,22];
CasosAcumuDistrito2021P2=[114.20049105869,480.0,444.1288629344,861.47971360382,77,CasosAcumuDistrito2021P2.csv,22];
MuertesAcumulaDistritoP1=[107.32698331128,183.29355608592,437.25535518699,446.77804295943,80,MuertesAcumulaDistritoP1.csv,22];
MuertesAcumulaDistritoP2=[107.32698331128,470.8353221957,436.10977056242,758.37708830549,80,MuertesAcumulaDistritoP2.csv,22];
ReportPath = D:/temporary/DGE-MINSA_Reports_2021/06_2021/;
ReportName = coronavirus150621.pdf;
Date = 2021-06-15;
