PruebasAcumuladasDepto=[97.01672169017,29.785202863962,461.312632302927,442.19570405728,3,PruebasAcumuladasDepto.csv,26];
CasosAcumuladosDepto=[94.72555244103,481.14558472554,462.458216927495,871.78997613365,3,CasosAcumuladosDepto.csv,26];
CasosPositivosEdades=[146.27686054661,22.91169451074,225.32219964183,453.65155131265,14,CasosPositivosEdades.csv,5];
MuertesAcumuladasDepto=[108.47256793585,286.39618138425,461.312632302927,632.36276849642,22,MuertesAcumuladasDepto.csv,26];
CasosAcumuDistrito2020P1=[116.49166030783,68.73508353222,441.837693685263,467.39856801909,77,CasosAcumuDistrito2020P1.csv,22];
CasosAcumuDistrito2020P2=[118.78282955697,480.0,439.54652443613,887.82816229117,77,CasosAcumuDistrito2020P2.csv,22];
CasosAcumuDistrito2021P1=[117.6372449324,66.443914081146,440.692109060695,461.67064439141,78,CasosAcumuDistrito2021P1.csv,22];
CasosAcumuDistrito2021P2=[116.49166030783,482.29116945107,438.40093981156,874.08114558473,78,CasosAcumuDistrito2021P2.csv,22];
MuertesAcumulaDistritoP1=[110.76373718499,115.70405727924,433.81860131328,433.03102625298,81,MuertesAcumulaDistritoP1.csv,22];
MuertesAcumulaDistritoP2=[109.61815256042,473.12649164678,433.81860131328,815.65632458234,81,MuertesAcumulaDistritoP2.csv,22];
ReportPath = D:/temporary/DGE-MINSA_Reports_2021/09_2021/;
ReportName = coronavirus290921.pdf;
Date = 2021-09-30;
