PruebasAcumuladasDepto=[93.57996781646,29.785202863962,467.040555425769,434.17661097852,3,PruebasAcumuladasDepto.csv,26];
CasosAcumuladosDepto=[92.43438319189,460.52505966587,464.749386176632,864.91646778043,3,CasosAcumuladosDepto.csv,26];
CasosPositivosEdades=[114.20049105869,95.08353221957,194.39141477848,502.91169451074,14,CasosPositivosEdades.csv,5];
MuertesAcumuladasDepto=[115.34607568326,281.8138424821,470.477309299474,638.0906921241,21,MuertesAcumuladasDepto.csv,26];
CasosAcumuDistrito2020P1=[93.57996781646,82.482100238663,426.94509356587,470.8353221957,76,CasosAcumuDistrito2020P1.csv,22];
CasosAcumuDistrito2020P2=[94.72555244103,480.0,425.79950894131,866.06205250597,76,CasosAcumuDistrito2020P2.csv,22];
CasosAcumuDistrito2021P1=[114.20049105869,84.773269689737,445.274447558969,462.81622911695,77,CasosAcumuDistrito2021P1.csv,22];
CasosAcumuDistrito2021P2=[113.05490643413,478.85441527446,447.565616808105,861.47971360382,77,CasosAcumuDistrito2021P2.csv,22];
MuertesAcumulaDistritoP1=[82.12412157078,113.41288782816,415.48924732019,454.79713603819,80,MuertesAcumulaDistritoP1.csv,22];
MuertesAcumulaDistritoP2=[82.12412157078,486.87350835322,413.19807807105,831.69451073986,80,MuertesAcumulaDistritoP2.csv,22];
ReportPath = D:/temporary/DGE-MINSA_Reports_2021/07_2021/;
ReportName = coronavirus260721.pdf;
Date = 2021-07-25;
