PruebasAcumuladasDepto=[97.01672169017,10.310262529833,479.641986296021,425.01193317422,3,PruebasAcumuladasDepto.csv,26];
CasosAcumuladosDepto=[95.8711370656,447.92362768496,477.350817046884,863.77088305489,3,CasosAcumuladosDepto.csv,26];
CasosPositivosEdades=[118.78282955697,19.474940334129,224.17661501726,559.04534606205,15,CasosPositivosEdades.csv,5];
MuertesAcumuladasDepto=[117.6372449324,3.436754176611,492.243417166274,516.65871121718,21,MuertesAcumuladasDepto.csv,26];
CasosAcumuDistrito2020P1=[97.01672169017,37.804295942721,465.8949708012,473.12649164678,76,CasosAcumuDistrito2020P1.csv,22];
CasosAcumuDistrito2020P2=[97.01672169017,477.70883054893,462.458216927495,916.46778042959,76,CasosAcumuDistrito2020P2.csv,22];
CasosAcumuDistrito2021P1=[94.72555244103,38.949880668258,463.603801552063,469.68973747017,77,CasosAcumuDistrito2021P1.csv,22];
CasosAcumuDistrito2021P2=[95.8711370656,478.85441527446,464.749386176632,911.88544152745,77,CasosAcumuDistrito2021P2.csv,22];
MuertesAcumulaDistritoP1=[106.18139868672,182.14797136038,438.40093981156,455.94272076372,80,MuertesAcumulaDistritoP1.csv,22];
MuertesAcumulaDistritoP2=[107.32698331128,466.25298329356,436.10977056242,770.9785202864,80,MuertesAcumulaDistritoP2.csv,22];
ReportPath = D:/temporary/DGE-MINSA_Reports_2021/04_2021/;
ReportName = coronavirus060421.pdf;
Date = 2021-04-05;
