PruebasAcumuladasDepto=[99.3078909393,8.0190930787589,477.350817046884,427.3031026253,3,PruebasAcumuladasDepto.csv,26];
CasosAcumuladosDepto=[98.16230631474,447.92362768496,475.059647797748,836.276849642,3,CasosAcumuladosDepto.csv,26];
CasosPositivosEdades=[145.13127592204,21.766109785203,226.4677842664,435.32219570406,14,CasosPositivosEdades.csv,5];
MuertesAcumuladasDepto=[108.47256793585,285.25059665871,463.603801552063,632.36276849642,22,MuertesAcumuladasDepto.csv,26];
CasosAcumuDistrito2020P1=[114.20049105869,84.773269689737,447.565616808105,465.10739856802,77,CasosAcumuDistrito2020P1.csv,22];
CasosAcumuDistrito2020P2=[113.05490643413,481.14558472554,446.420032183537,859.18854415274,77,CasosAcumuDistrito2020P2.csv,22];
CasosAcumuDistrito2021P1=[114.20049105869,84.773269689737,446.420032183537,471.98090692124,78,CasosAcumuDistrito2021P1.csv,22];
CasosAcumuDistrito2021P2=[113.05490643413,480.0,446.420032183537,860.33412887828,78,CasosAcumuDistrito2021P2.csv,22];
MuertesAcumulaDistritoP1=[105.03581406215,134.03341288783,438.40093981156,451.36038186158,81,MuertesAcumulaDistritoP1.csv,22];
MuertesAcumulaDistritoP2=[107.32698331128,474.27207637232,439.54652443613,812.21957040573,81,MuertesAcumulaDistritoP2.csv,22];
ReportPath = D:/temporary/DGE-MINSA_Reports_2021/10_2021/;
ReportName = coronavirus041021.pdf;
Date = 2021-10-05;
