PruebasAcumuladasDepto=[95.8711370656,10.310262529833,475.059647797748,430.73985680191,3,PruebasAcumuladasDepto.csv,26];
CasosAcumuladosDepto=[97.01672169017,452.50596658711,478.496401671453,869.49880668258,3,CasosAcumuladosDepto.csv,26];
CasosPositivosEdades=[146.27686054661,19.474940334129,225.32219964183,438.75894988067,14,CasosPositivosEdades.csv,5];
MuertesAcumuladasDepto=[116.49166030783,277.23150357995,471.622893924042,643.81861575179,21,MuertesAcumuladasDepto.csv,26];
CasosAcumuDistrito2020P1=[114.20049105869,82.482100238663,446.420032183537,468.54415274463,76,CasosAcumuDistrito2020P1.csv,22];
CasosAcumuDistrito2020P2=[113.05490643413,478.85441527446,445.274447558969,868.35322195704,76,CasosAcumuDistrito2020P2.csv,22];
CasosAcumuDistrito2021P1=[113.05490643413,79.045346062053,447.565616808105,471.98090692124,77,CasosAcumuDistrito2021P1.csv,22];
CasosAcumuDistrito2021P2=[113.05490643413,477.70883054893,445.274447558969,868.35322195704,77,CasosAcumuDistrito2021P2.csv,22];
MuertesAcumulaDistritoP1=[107.32698331128,182.14797136038,437.25535518699,453.65155131265,80,MuertesAcumulaDistritoP1.csv,22];
MuertesAcumulaDistritoP2=[107.32698331128,467.39856801909,437.25535518699,764.10501193317,80,MuertesAcumulaDistritoP2.csv,22];
ReportPath = D:/temporary/DGE-MINSA_Reports_2021/06_2021/;
ReportName = coronavirus220621.pdf;
Date = 2021-06-21;
