PruebasAcumuladasDepto=[95.8711370656,32.076372315036,464.749386176632,443.34128878282,3,PruebasAcumuladasDepto.csv,26];
CasosAcumuladosDepto=[97.01672169017,469.68973747017,462.458216927495,874.08114558473,3,CasosAcumuladosDepto.csv,26];
CasosPositivosEdades=[149.71361442032,18.329355608592,228.75895351554,436.46778042959,14,CasosPositivosEdades.csv,5];
MuertesAcumuladasDepto=[111.90932180956,307.01670644391,481.933155545158,642.67303102625,21,MuertesAcumuladasDepto.csv,26];
CasosAcumuDistrito2020P1=[113.05490643413,80.190930787589,446.420032183537,471.98090692124,76,CasosAcumuDistrito2020P1.csv,22];
CasosAcumuDistrito2020P2=[113.05490643413,477.70883054893,444.1288629344,867.2076372315,76,CasosAcumuDistrito2020P2.csv,22];
CasosAcumuDistrito2021P1=[114.20049105869,82.482100238663,445.274447558969,469.68973747017,77,CasosAcumuDistrito2021P1.csv,22];
CasosAcumuDistrito2021P2=[114.20049105869,481.14558472554,445.274447558969,860.33412887828,77,CasosAcumuDistrito2021P2.csv,22];
MuertesAcumulaDistritoP1=[106.18139868672,185.58472553699,437.25535518699,447.92362768496,80,MuertesAcumulaDistritoP1.csv,22];
MuertesAcumulaDistritoP2=[106.18139868672,467.39856801909,437.25535518699,766.39618138425,80,MuertesAcumulaDistritoP2.csv,22];
ReportPath = D:/temporary/DGE-MINSA_Reports_2021/06_2021/;
ReportName = coronavirus030621.pdf;
Date = 2021-06-02;
