PruebasAcumuladasDepto=[100.45347556387,11.45584725537,485.369909418863,429.59427207637,3,PruebasAcumuladasDepto.csv,26];
CasosAcumuladosDepto=[101.59906018844,457.08830548926,483.078740169727,858.04295942721,3,CasosAcumuladosDepto.csv,26];
CasosPositivosEdades=[124.51075267981,19.474940334129,204.7016763996,436.46778042959,14,CasosPositivosEdades.csv,5];
MuertesAcumuladasDepto=[116.49166030783,287.54176610979,470.477309299474,630.07159904535,21,MuertesAcumuladasDepto.csv,26];
CasosAcumuDistrito2020P1=[114.20049105869,82.482100238663,444.1288629344,468.54415274463,76,CasosAcumuDistrito2020P1.csv,22];
CasosAcumuDistrito2020P2=[115.34607568326,481.14558472554,444.1288629344,869.49880668258,76,CasosAcumuDistrito2020P2.csv,22];
CasosAcumuDistrito2021P1=[114.20049105869,85.918854415274,445.274447558969,470.8353221957,77,CasosAcumuDistrito2021P1.csv,22];
CasosAcumuDistrito2021P2=[114.20049105869,480.0,446.420032183537,863.77088305489,77,CasosAcumuDistrito2021P2.csv,22];
MuertesAcumulaDistritoP1=[106.18139868672,112.26730310263,439.54652443613,466.25298329356,80,MuertesAcumulaDistritoP1.csv,22];
MuertesAcumulaDistritoP2=[107.32698331128,488.01909307876,436.10977056242,825.96658711217,80,MuertesAcumulaDistritoP2.csv,22];
ReportPath = D:/temporary/DGE-MINSA_Reports_2021/08_2021/;
ReportName = coronavirus100821.pdf;
Date = 2021-08-09;
