PruebasAcumuladasDepto=[107.32698331128,29.785202863962,462.458216927495,416.99284009547,3,PruebasAcumuladasDepto.csv,26];
CasosAcumuladosDepto=[108.47256793585,494.89260143198,464.749386176632,879.80906921241,3,CasosAcumuladosDepto.csv,26];
CasosPositivosEdades=[132.52984505179,21.766109785203,213.86635339615,437.61336515513,14,CasosPositivosEdades.csv,5];
MuertesAcumuladasDepto=[108.47256793585,285.25059665871,463.603801552063,635.79952267303,21,MuertesAcumuladasDepto.csv,26];
CasosAcumuDistrito2020P1=[113.05490643413,77.899761336516,446.420032183537,474.27207637232,76,CasosAcumuDistrito2020P1.csv,22];
CasosAcumuDistrito2020P2=[114.20049105869,481.14558472554,446.420032183537,866.06205250597,76,CasosAcumuDistrito2020P2.csv,22];
CasosAcumuDistrito2021P1=[113.05490643413,85.918854415274,448.711201432674,470.8353221957,77,CasosAcumuDistrito2021P1.csv,22];
CasosAcumuDistrito2021P2=[111.90932180956,483.43675417661,444.1288629344,862.62529832936,77,CasosAcumuDistrito2021P2.csv,22];
MuertesAcumulaDistritoP1=[107.32698331128,119.14081145585,438.40093981156,465.10739856802,80,MuertesAcumulaDistritoP1.csv,22];
MuertesAcumulaDistritoP2=[106.18139868672,490.31026252983,437.25535518699,822.52983293556,80,MuertesAcumulaDistritoP2.csv,22];
ReportPath = D:/temporary/DGE-MINSA_Reports_2021/08_2021/;
ReportName = coronavirus240821.pdf;
Date = 2021-08-23;
