PruebasAcumuladasDepto=[98.16230631474,11.45584725537,478.496401671453,439.90453460621,3,PruebasAcumuladasDepto.csv,26];
CasosAcumuladosDepto=[95.8711370656,451.36038186158,478.496401671453,859.18854415274,3,CasosAcumuladosDepto.csv,26];
CasosPositivosEdades=[114.20049105869,84.773269689737,195.53699940305,505.20286396181,14,CasosPositivosEdades.csv,5];
MuertesAcumuladasDepto=[108.47256793585,279.52267303103,461.312632302927,643.81861575179,21,MuertesAcumuladasDepto.csv,26];
CasosAcumuDistrito2020P1=[93.57996781646,91.646778042959,425.79950894131,480.0,76,CasosAcumuDistrito2020P1.csv,22];
CasosAcumuDistrito2020P2=[91.28879856733,486.87350835322,428.09067819044,884.39140811456,76,CasosAcumuDistrito2020P2.csv,22];
CasosAcumuDistrito2021P1=[107.32698331128,88.210023866348,439.54652443613,478.85441527446,77,CasosAcumuDistrito2021P1.csv,22];
CasosAcumuDistrito2021P2=[107.32698331128,484.58233890215,438.40093981156,883.24582338902,77,CasosAcumuDistrito2021P2.csv,22];
MuertesAcumulaDistritoP1=[78.68736769707,120.28639618138,412.05249344648,463.96181384248,80,MuertesAcumulaDistritoP1.csv,22];
MuertesAcumulaDistritoP2=[77.5417830725,497.18377088305,410.90690882192,846.58711217184,80,MuertesAcumulaDistritoP2.csv,22];
ReportPath = D:/temporary/DGE-MINSA_Reports_2021/09_2021/;
ReportName = coronavirus040921.pdf;
Date = 2021-09-04;
