PruebasAcumuladasDepto=[100.45347556387,10.310262529833,484.224324794295,445.63245823389,3,PruebasAcumuladasDepto.csv,26];
CasosAcumuladosDepto=[100.45347556387,457.08830548926,484.224324794295,864.91646778043,3,CasosAcumuladosDepto.csv,26];
CasosPositivosEdades=[138.25776817463,21.766109785203,217.30310726985,446.77804295943,14,CasosPositivosEdades.csv,5];
MuertesAcumuladasDepto=[108.47256793585,279.52267303103,463.603801552063,643.81861575179,21,MuertesAcumuladasDepto.csv,26];
CasosAcumuDistrito2020P1=[115.34607568326,80.190930787589,444.1288629344,475.41766109785,76,CasosAcumuDistrito2020P1.csv,22];
CasosAcumuDistrito2020P2=[114.20049105869,484.58233890215,447.565616808105,877.51789976134,76,CasosAcumuDistrito2020P2.csv,22];
CasosAcumuDistrito2021P1=[114.20049105869,82.482100238663,444.1288629344,475.41766109785,77,CasosAcumuDistrito2021P1.csv,22];
CasosAcumuDistrito2021P2=[111.90932180956,481.14558472554,446.420032183537,885.5369928401,77,CasosAcumuDistrito2021P2.csv,22];
MuertesAcumulaDistritoP1=[106.18139868672,113.41288782816,438.40093981156,484.58233890215,80,MuertesAcumulaDistritoP1.csv,22];
MuertesAcumulaDistritoP2=[107.32698331128,492.60143198091,437.25535518699,845.4415274463,80,MuertesAcumulaDistritoP2.csv,22];
ReportPath = D:/temporary/DGE-MINSA_Reports_2021/09_2021/;
ReportName = coronavirus070921.pdf;
Date = 2021-09-07;
