PruebasAcumuladasDepto=[94.72555244103,17.183770883055,465.8949708012,427.3031026253,3,PruebasAcumuladasDepto.csv,26];
CasosAcumuladosDepto=[92.43438319189,462.81622911695,467.040555425769,859.18854415274,3,CasosAcumuladosDepto.csv,26];
CasosPositivosEdades=[115.34607568326,92.792362768496,194.39141477848,502.91169451074,14,CasosPositivosEdades.csv,5];
MuertesAcumuladasDepto=[110.76373718499,279.52267303103,463.603801552063,643.81861575179,21,MuertesAcumuladasDepto.csv,26];
CasosAcumuDistrito2020P1=[94.72555244103,90.501193317422,425.79950894131,474.27207637232,76,CasosAcumuDistrito2020P1.csv,22];
CasosAcumuDistrito2020P2=[95.8711370656,489.1646778043,425.79950894131,866.06205250597,76,CasosAcumuDistrito2020P2.csv,22];
CasosAcumuDistrito2021P1=[98.16230631474,80.190930787589,429.23626281501,467.39856801909,77,CasosAcumuDistrito2021P1.csv,22];
CasosAcumuDistrito2021P2=[98.16230631474,481.14558472554,431.52743206415,862.62529832936,77,CasosAcumuDistrito2021P2.csv,22];
MuertesAcumulaDistritoP1=[82.12412157078,122.57756563246,415.48924732019,457.08830548926,80,MuertesAcumulaDistritoP1.csv,22];
MuertesAcumulaDistritoP2=[82.12412157078,493.74701670644,415.48924732019,831.69451073986,80,MuertesAcumulaDistritoP2.csv,22];
ReportPath = D:/temporary/DGE-MINSA_Reports_2021/07_2021/;
ReportName = coronavirus310721.pdf;
Date = 2021-07-30;
