PruebasAcumuladasDepto=[98.16230631474,10.310262529833,477.350817046884,451.36038186158,3,PruebasAcumuladasDepto.csv,26];
CasosAcumuladosDepto=[97.01672169017,461.67064439141,476.205232422316,867.2076372315,3,CasosAcumuladosDepto.csv,26];
CasosPositivosEdades=[126.80192192895,17.183770883055,227.61336889097,559.04534606205,15,CasosPositivosEdades.csv,5];
MuertesAcumuladasDepto=[98.16230631474,0.0,492.243417166274,525.82338902148,21,MuertesAcumuladasDepto.csv,26];
CasosAcumuDistrito2020P1=[115.34607568326,60.715990453461,444.1288629344,470.8353221957,76,CasosAcumuDistrito2020P1.csv,22];
CasosAcumuDistrito2020P2=[115.34607568326,480.0,444.1288629344,890.11933174224,76,CasosAcumuDistrito2020P2.csv,22];
CasosAcumuDistrito2021P1=[115.34607568326,60.715990453461,444.1288629344,463.96181384248,77,CasosAcumuDistrito2021P1.csv,22];
CasosAcumuDistrito2021P2=[115.34607568326,480.0,442.983278309832,890.11933174224,77,CasosAcumuDistrito2021P2.csv,22];
MuertesAcumulaDistritoP1=[106.18139868672,181.00238663484,438.40093981156,455.94272076372,80,MuertesAcumulaDistritoP1.csv,22];
MuertesAcumulaDistritoP2=[106.18139868672,469.68973747017,437.25535518699,767.54176610979,80,MuertesAcumulaDistritoP2.csv,22];
ReportPath = D:/temporary/DGE-MINSA_Reports_2021/05_2021/;
ReportName = coronavirus010521.pdf;
Date = 2021-05-01;
