PruebasAcumuladasDepto=[97.01672169017,8.0190930787589,476.205232422316,462.81622911695,3,PruebasAcumuladasDepto.csv,26];
CasosAcumuladosDepto=[98.16230631474,465.10739856802,475.059647797748,855.75178997613,3,CasosAcumuladosDepto.csv,26];
CasosPositivosEdades=[125.65633730438,21.766109785203,227.61336889097,554.4630071599,15,CasosPositivosEdades.csv,5];
MuertesAcumuladasDepto=[99.3078909393,0.0,492.243417166274,529.26014319809,21,MuertesAcumuladasDepto.csv,26];
CasosAcumuDistrito2020P1=[107.32698331128,40.095465393795,452.147955306379,473.12649164678,77,CasosAcumuDistrito2020P1.csv,22];
CasosAcumuDistrito2020P2=[108.47256793585,478.85441527446,449.856786057242,902.72076372315,77,CasosAcumuDistrito2020P2.csv,22];
CasosAcumuDistrito2021P1=[107.32698331128,35.513126491647,454.439124555516,471.98090692124,78,CasosAcumuDistrito2021P1.csv,22];
CasosAcumuDistrito2021P2=[106.18139868672,477.70883054893,449.856786057242,910.73985680191,78,CasosAcumuDistrito2021P2.csv,22];
MuertesAcumulaDistritoP1=[106.18139868672,184.43914081146,438.40093981156,455.94272076372,81,MuertesAcumulaDistritoP1.csv,22];
MuertesAcumulaDistritoP2=[107.32698331128,467.39856801909,434.96418593785,768.68735083532,81,MuertesAcumulaDistritoP2.csv,22];
ReportPath = D:/temporary/DGE-MINSA_Reports_2021/04_2021/;
ReportName = coronavirus280421.pdf;
Date = 2021-04-27;
