PruebasAcumuladasDepto=[94.72555244103,37.804295942721,464.749386176632,444.48687350835,3,PruebasAcumuladasDepto.csv,26];
CasosAcumuladosDepto=[95.8711370656,477.70883054893,463.603801552063,856.89737470167,3,CasosAcumuladosDepto.csv,26];
CasosPositivosEdades=[149.71361442032,26.348448687351,231.05012276467,461.67064439141,14,CasosPositivosEdades.csv,5];
MuertesAcumuladasDepto=[107.32698331128,286.39618138425,463.603801552063,632.36276849642,22,MuertesAcumuladasDepto.csv,26];
CasosAcumuDistrito2020P1=[118.78282955697,66.443914081146,438.40093981156,470.8353221957,77,CasosAcumuDistrito2020P1.csv,22];
CasosAcumuDistrito2020P2=[117.6372449324,481.14558472554,438.40093981156,880.95465393795,77,CasosAcumuDistrito2020P2.csv,22];
CasosAcumuDistrito2021P1=[116.49166030783,64.152744630072,439.54652443613,466.25298329356,78,CasosAcumuDistrito2021P1.csv,22];
CasosAcumuDistrito2021P2=[117.6372449324,482.29116945107,441.837693685263,877.51789976134,78,CasosAcumuDistrito2021P2.csv,22];
MuertesAcumulaDistritoP1=[111.90932180956,116.84964200477,433.81860131328,433.03102625298,81,MuertesAcumulaDistritoP1.csv,22];
MuertesAcumulaDistritoP2=[110.76373718499,475.41766109785,431.52743206415,820.23866348449,81,MuertesAcumulaDistritoP2.csv,22];
ReportPath = D:/temporary/DGE-MINSA_Reports_2021/09_2021/;
ReportName = coronavirus190921.pdf;
Date = 2021-09-20;
