PruebasAcumuladasDepto=[95.8711370656,60.715990453461,476.205232422316,449.0692124105,3,PruebasAcumuladasDepto.csv,26];
CasosAcumuladosDepto=[95.8711370656,494.89260143198,473.914063173179,862.62529832936,3,CasosAcumuladosDepto.csv,26];
CasosPositivosEdades=[146.27686054661,21.766109785203,225.32219964183,457.08830548926,14,CasosPositivosEdades.csv,5];
MuertesAcumuladasDepto=[109.61815256042,280.66825775656,463.603801552063,638.0906921241,22,MuertesAcumuladasDepto.csv,26];
CasosAcumuDistrito2020P1=[116.49166030783,99.665871121718,440.692109060695,455.94272076372,77,CasosAcumuDistrito2020P1.csv,22];
CasosAcumuDistrito2020P2=[117.6372449324,470.8353221957,440.692109060695,854.6062052506,77,CasosAcumuDistrito2020P2.csv,22];
CasosAcumuDistrito2021P1=[117.6372449324,96.229116945107,440.692109060695,453.65155131265,78,CasosAcumuDistrito2021P1.csv,22];
CasosAcumuDistrito2021P2=[116.49166030783,469.68973747017,440.692109060695,850.02386634845,78,CasosAcumuDistrito2021P2.csv,22];
MuertesAcumulaDistritoP1=[110.76373718499,114.5584725537,433.81860131328,445.63245823389,81,MuertesAcumulaDistritoP1.csv,22];
MuertesAcumulaDistritoP2=[113.05490643413,473.12649164678,432.67301668872,830.54892601432,81,MuertesAcumulaDistritoP2.csv,22];
ReportPath = D:/temporary/DGE-MINSA_Reports_2021/09_2021/;
ReportName = coronavirus150921.pdf;
Date = 2021-09-16;
