PruebasAcumuladasDepto=[102.74464481301,48.114558472554,473.914063173179,443.34128878282,3,PruebasAcumuladasDepto.csv,26];
CasosAcumuladosDepto=[100.45347556387,476.56324582339,472.768478548611,860.33412887828,3,CasosAcumuladosDepto.csv,26];
CasosPositivosEdades=[152.00478366945,21.766109785203,234.48687663838,430.73985680191,14,CasosPositivosEdades.csv,5];
MuertesAcumuladasDepto=[109.61815256042,284.10501193317,463.603801552063,639.23627684964,21,MuertesAcumuladasDepto.csv,26];
CasosAcumuDistrito2020P1=[114.20049105869,87.064439140811,445.274447558969,463.96181384248,76,CasosAcumuDistrito2020P1.csv,22];
CasosAcumuDistrito2020P2=[114.20049105869,483.43675417661,446.420032183537,855.75178997613,76,CasosAcumuDistrito2020P2.csv,22];
CasosAcumuDistrito2021P1=[111.90932180956,81.336515513126,446.420032183537,467.39856801909,77,CasosAcumuDistrito2021P1.csv,22];
CasosAcumuDistrito2021P2=[111.90932180956,481.14558472554,445.274447558969,866.06205250597,77,CasosAcumuDistrito2021P2.csv,22];
MuertesAcumulaDistritoP1=[106.18139868672,113.41288782816,438.40093981156,461.67064439141,80,MuertesAcumulaDistritoP1.csv,22];
MuertesAcumulaDistritoP2=[107.32698331128,492.60143198091,437.25535518699,817.94749403341,80,MuertesAcumulaDistritoP2.csv,22];
ReportPath = D:/temporary/DGE-MINSA_Reports_2021/08_2021/;
ReportName = coronavirus230821.pdf;
Date = 2021-08-22;
