PruebasAcumuladasDepto=[115.34607568326,51.551312649165,475.059647797748,454.79713603819,3,PruebasAcumuladasDepto.csv,26];
CasosAcumuladosDepto=[115.34607568326,484.58233890215,470.477309299474,940.52505966587,3,CasosAcumuladosDepto.csv,26];
CasosPositivosEdades=[143.98569129747,20.620525059666,225.32219964183,435.32219570406,14,CasosPositivosEdades.csv,5];
MuertesAcumuladasDepto=[108.47256793585,287.54176610979,463.603801552063,623.19809069212,21,MuertesAcumuladasDepto.csv,26];
CasosAcumuDistrito2020P1=[113.05490643413,83.6276849642,445.274447558969,465.10739856802,76,CasosAcumuDistrito2020P1.csv,22];
CasosAcumuDistrito2020P2=[113.05490643413,481.14558472554,445.274447558969,864.91646778043,76,CasosAcumuDistrito2020P2.csv,22];
CasosAcumuDistrito2021P1=[111.90932180956,84.773269689737,447.565616808105,465.10739856802,77,CasosAcumuDistrito2021P1.csv,22];
CasosAcumuDistrito2021P2=[113.05490643413,477.70883054893,447.565616808105,866.06205250597,77,CasosAcumuDistrito2021P2.csv,22];
MuertesAcumulaDistritoP1=[108.47256793585,131.74224343675,439.54652443613,437.61336515513,80,MuertesAcumulaDistritoP1.csv,22];
MuertesAcumulaDistritoP2=[106.18139868672,473.12649164678,438.40093981156,808.78281622912,80,MuertesAcumulaDistritoP2.csv,22];
ReportPath = D:/temporary/DGE-MINSA_Reports_2021/08_2021/;
ReportName = coronavirus310821.pdf;
Date = 2021-08-31;
