PruebasAcumuladasDepto=[99.3078909393,19.474940334129,464.749386176632,426.15751789976,3,PruebasAcumuladasDepto.csv,26];
CasosAcumuladosDepto=[99.3078909393,461.67064439141,464.749386176632,853.46062052506,3,CasosAcumuladosDepto.csv,26];
CasosPositivosEdades=[119.92841418154,80.190930787589,198.97375327676,498.32935560859,14,CasosPositivosEdades.csv,5];
MuertesAcumuladasDepto=[109.61815256042,284.10501193317,464.749386176632,628.92601431981,22,MuertesAcumuladasDepto.csv,26];
CasosAcumuDistrito2020P1=[107.32698331128,84.773269689737,439.54652443613,474.27207637232,77,CasosAcumuDistrito2020P1.csv,22];
CasosAcumuDistrito2020P2=[106.18139868672,477.70883054893,437.25535518699,875.22673031026,77,CasosAcumuDistrito2020P2.csv,22];
CasosAcumuDistrito2021P1=[94.72555244103,83.6276849642,428.09067819044,474.27207637232,78,CasosAcumuDistrito2021P1.csv,22];
CasosAcumuDistrito2021P2=[95.8711370656,478.85441527446,424.65392431674,868.35322195704,78,CasosAcumuDistrito2021P2.csv,22];
MuertesAcumulaDistritoP1=[86.70646006905,131.74224343675,430.38184743958,466.25298329356,81,MuertesAcumulaDistritoP1.csv,22];
MuertesAcumulaDistritoP2=[87.85204469362,485.72792362768,428.09067819044,837.42243436754,81,MuertesAcumulaDistritoP2.csv,22];
ReportPath = D:/temporary/DGE-MINSA_Reports_2021/10_2021/;
ReportName = coronavirus221021.pdf;
Date = 2021-10-22;
