PruebasAcumuladasDepto=[93.57996781646,56.133651551313,457.875878429221,460.52505966587,3,PruebasAcumuladasDepto.csv,26];
CasosAcumuladosDepto=[93.57996781646,485.72792362768,457.875878429221,872.93556085919,3,CasosAcumuladosDepto.csv,26];
CasosPositivosEdades=[145.13127592204,20.620525059666,224.17661501726,437.61336515513,14,CasosPositivosEdades.csv,5];
MuertesAcumuladasDepto=[115.34607568326,285.25059665871,468.186140050337,641.52744630072,21,MuertesAcumuladasDepto.csv,26];
CasosAcumuDistrito2020P1=[114.20049105869,79.045346062053,445.274447558969,470.8353221957,76,CasosAcumuDistrito2020P1.csv,22];
CasosAcumuDistrito2020P2=[113.05490643413,478.85441527446,445.274447558969,869.49880668258,76,CasosAcumuDistrito2020P2.csv,22];
CasosAcumuDistrito2021P1=[114.20049105869,83.6276849642,446.420032183537,469.68973747017,77,CasosAcumuDistrito2021P1.csv,22];
CasosAcumuDistrito2021P2=[114.20049105869,476.56324582339,446.420032183537,870.64439140811,77,CasosAcumuDistrito2021P2.csv,22];
MuertesAcumulaDistritoP1=[107.32698331128,183.29355608592,437.25535518699,452.50596658711,80,MuertesAcumulaDistritoP1.csv,22];
MuertesAcumulaDistritoP2=[107.32698331128,468.54415274463,437.25535518699,764.10501193317,80,MuertesAcumulaDistritoP2.csv,22];
ReportPath = D:/temporary/DGE-MINSA_Reports_2021/06_2021/;
ReportName = coronavirus010621.pdf;
Date = 2021-05-31;
