PruebasAcumuladasDepto=[98.16230631474,13.747016706444,481.933155545158,429.59427207637,3,PruebasAcumuladasDepto.csv,26];
CasosAcumuladosDepto=[97.01672169017,459.37947494033,478.496401671453,877.51789976134,3,CasosAcumuladosDepto.csv,26];
CasosPositivosEdades=[143.98569129747,20.620525059666,226.4677842664,436.46778042959,14,CasosPositivosEdades.csv,5];
MuertesAcumuladasDepto=[109.61815256042,284.10501193317,462.458216927495,638.0906921241,21,MuertesAcumuladasDepto.csv,26];
CasosAcumuDistrito2020P1=[115.34607568326,84.773269689737,446.420032183537,474.27207637232,76,CasosAcumuDistrito2020P1.csv,22];
CasosAcumuDistrito2020P2=[114.20049105869,482.29116945107,446.420032183537,867.2076372315,76,CasosAcumuDistrito2020P2.csv,22];
CasosAcumuDistrito2021P1=[114.20049105869,83.6276849642,447.565616808105,469.68973747017,77,CasosAcumuDistrito2021P1.csv,22];
CasosAcumuDistrito2021P2=[111.90932180956,482.29116945107,445.274447558969,862.62529832936,77,CasosAcumuDistrito2021P2.csv,22];
MuertesAcumulaDistritoP1=[106.18139868672,114.5584725537,438.40093981156,455.94272076372,80,MuertesAcumulaDistritoP1.csv,22];
MuertesAcumulaDistritoP2=[106.18139868672,489.1646778043,437.25535518699,821.38424821002,80,MuertesAcumulaDistritoP2.csv,22];
ReportPath = D:/temporary/DGE-MINSA_Reports_2021/08_2021/;
ReportName = coronavirus300821.pdf;
Date = 2021-08-29;
