PruebasAcumuladasDepto=[95.8711370656,24.057279236277,467.040555425769,420.42959427208,3,PruebasAcumuladasDepto.csv,26];
CasosAcumuladosDepto=[100.45347556387,477.70883054893,472.768478548611,847.73269689737,3,CasosAcumuladosDepto.csv,26];
CasosPositivosEdades=[152.00478366945,24.057279236277,235.63246126295,443.34128878282,14,CasosPositivosEdades.csv,5];
MuertesAcumuladasDepto=[108.47256793585,282.95942720764,461.312632302927,632.36276849642,22,MuertesAcumuladasDepto.csv,26];
CasosAcumuDistrito2020P1=[113.05490643413,85.918854415274,446.420032183537,468.54415274463,77,CasosAcumuDistrito2020P1.csv,22];
CasosAcumuDistrito2020P2=[110.76373718499,480.0,446.420032183537,856.89737470167,77,CasosAcumuDistrito2020P2.csv,22];
CasosAcumuDistrito2021P1=[114.20049105869,84.773269689737,445.274447558969,466.25298329356,78,CasosAcumuDistrito2021P1.csv,22];
CasosAcumuDistrito2021P2=[113.05490643413,480.0,447.565616808105,866.06205250597,78,CasosAcumuDistrito2021P2.csv,22];
MuertesAcumulaDistritoP1=[106.18139868672,135.17899761337,438.40093981156,427.3031026253,81,MuertesAcumulaDistritoP1.csv,22];
MuertesAcumulaDistritoP2=[106.18139868672,477.70883054893,439.54652443613,792.7446300716,81,MuertesAcumulaDistritoP2.csv,22];
ReportPath = D:/temporary/DGE-MINSA_Reports_2021/10_2021/;
ReportName = coronavirus031021.pdf;
Date = 2021-10-04;
