PruebasAcumuladasDepto=[93.57996781646,8.0190930787589,446.420032183537,445.63245823389,3,PruebasAcumuladasDepto.csv,26];
CasosAcumuladosDepto=[92.43438319189,452.50596658711,452.147955306379,872.93556085919,3,CasosAcumuladosDepto.csv,26];
CasosPositivosEdades=[146.27686054661,18.329355608592,225.32219964183,473.12649164678,14,CasosPositivosEdades.csv,5];
MuertesAcumuladasDepto=[108.47256793585,279.52267303103,462.458216927495,647.2553699284,21,MuertesAcumuladasDepto.csv,26];
CasosAcumuDistrito2020P1=[121.07399880611,67.589498806683,440.692109060695,478.85441527446,76,CasosAcumuDistrito2020P1.csv,22];
CasosAcumuDistrito2020P2=[116.49166030783,475.41766109785,440.692109060695,903.86634844869,76,CasosAcumuDistrito2020P2.csv,22];
CasosAcumuDistrito2021P1=[118.78282955697,68.73508353222,441.837693685263,476.56324582339,77,CasosAcumuDistrito2021P1.csv,22];
CasosAcumuDistrito2021P2=[117.6372449324,482.29116945107,439.54652443613,896.99284009547,77,CasosAcumuDistrito2021P2.csv,22];
MuertesAcumulaDistritoP1=[110.76373718499,104.24821002387,432.67301668872,468.54415274463,80,MuertesAcumulaDistritoP1.csv,22];
MuertesAcumulaDistritoP2=[109.61815256042,490.31026252983,432.67301668872,860.33412887828,80,MuertesAcumulaDistritoP2.csv,22];
ReportPath = D:/temporary/DGE-MINSA_Reports_2021/09_2021/;
ReportName = coronavirus010921.pdf;
Date = 2021-09-01;
