PruebasAcumuladasDepto=[99.3078909393,22.91169451074,457.875878429221,444.48687350835,3,PruebasAcumuladasDepto.csv,26];
CasosAcumuladosDepto=[99.3078909393,446.77804295943,460.167047678358,840.85918854415,3,CasosAcumuladosDepto.csv,26];
CasosPositivosEdades=[124.51075267981,73.317422434368,205.84726102417,491.45584725537,14,CasosPositivosEdades.csv,5];
MuertesAcumuladasDepto=[109.61815256042,279.52267303103,462.458216927495,642.67303102625,21,MuertesAcumuladasDepto.csv,26];
CasosAcumuDistrito2020P1=[93.57996781646,85.918854415274,426.94509356587,476.56324582339,77,CasosAcumuDistrito2020P1.csv,22];
CasosAcumuDistrito2020P2=[95.8711370656,478.85441527446,424.65392431674,872.93556085919,77,CasosAcumuDistrito2020P2.csv,22];
CasosAcumuDistrito2021P1=[99.3078909393,81.336515513126,433.81860131328,474.27207637232,78,CasosAcumuDistrito2021P1.csv,22];
CasosAcumuDistrito2021P2=[99.3078909393,483.43675417661,430.38184743958,866.06205250597,78,CasosAcumuDistrito2021P2.csv,22];
MuertesAcumulaDistritoP1=[90.14321394276,117.99522673031,422.3627550676,470.8353221957,81,MuertesAcumulaDistritoP1.csv,22];
MuertesAcumulaDistritoP2=[87.85204469362,486.87350835322,418.92600119389,831.69451073986,81,MuertesAcumulaDistritoP2.csv,22];
ReportPath = D:/temporary/DGE-MINSA_Reports_2021/09_2021/;
ReportName = coronavirus100921.pdf;
Date = 2021-09-11;
