PruebasAcumuladasDepto=[98.16230631474,4.582338902148,455.584709180084,426.15751789976,3,PruebasAcumuladasDepto.csv,26];
CasosAcumuladosDepto=[97.01672169017,455.94272076372,452.147955306379,863.77088305489,3,CasosAcumuladosDepto.csv,26];
CasosPositivosEdades=[125.65633730438,19.474940334129,204.7016763996,457.08830548926,14,CasosPositivosEdades.csv,5];
MuertesAcumuladasDepto=[115.34607568326,277.23150357995,471.622893924042,638.0906921241,21,MuertesAcumuladasDepto.csv,26];
CasosAcumuDistrito2020P1=[117.6372449324,66.443914081146,441.837693685263,462.81622911695,76,CasosAcumuDistrito2020P1.csv,22];
CasosAcumuDistrito2020P2=[117.6372449324,478.85441527446,439.54652443613,883.24582338902,76,CasosAcumuDistrito2020P2.csv,22];
CasosAcumuDistrito2021P1=[117.6372449324,67.589498806683,440.692109060695,461.67064439141,77,CasosAcumuDistrito2021P1.csv,22];
CasosAcumuDistrito2021P2=[117.6372449324,478.85441527446,439.54652443613,875.22673031026,77,CasosAcumuDistrito2021P2.csv,22];
MuertesAcumulaDistritoP1=[110.76373718499,101.95704057279,432.67301668872,446.77804295943,80,MuertesAcumulaDistritoP1.csv,22];
MuertesAcumulaDistritoP2=[109.61815256042,489.1646778043,432.67301668872,824.82100238663,80,MuertesAcumulaDistritoP2.csv,22];
ReportPath = D:/temporary/DGE-MINSA_Reports_2021/08_2021/;
ReportName = coronavirus040821.pdf;
Date = 2021-08-03;
