PruebasAcumuladasDepto=[98.16230631474,12.601431980907,480.78757092059,433.03102625298,3,PruebasAcumuladasDepto.csv,26];
CasosAcumuladosDepto=[98.16230631474,457.08830548926,479.641986296021,877.51789976134,3,CasosAcumuladosDepto.csv,26];
CasosPositivosEdades=[139.4033527992,21.766109785203,220.73986114356,438.75894988067,14,CasosPositivosEdades.csv,5];
MuertesAcumuladasDepto=[101.59906018844,0.0,492.243417166274,543.00715990453,19,MuertesAcumuladasDepto.csv,26];
CasosAcumuDistrito2020P1=[111.90932180956,83.6276849642,444.1288629344,469.68973747017,75,CasosAcumuDistrito2020P1.csv,22];
CasosAcumuDistrito2020P2=[113.05490643413,478.85441527446,446.420032183537,868.35322195704,75,CasosAcumuDistrito2020P2.csv,22];
CasosAcumuDistrito2021P1=[113.05490643413,83.6276849642,447.565616808105,467.39856801909,76,CasosAcumuDistrito2021P1.csv,22];
CasosAcumuDistrito2021P2=[114.20049105869,480.0,446.420032183537,868.35322195704,76,CasosAcumuDistrito2021P2.csv,22];
MuertesAcumulaDistritoP1=[107.32698331128,178.71121718377,439.54652443613,452.50596658711,79,MuertesAcumulaDistritoP1.csv,22];
MuertesAcumulaDistritoP2=[106.18139868672,467.39856801909,437.25535518699,772.12410501193,79,MuertesAcumulaDistritoP2.csv,22];
ReportPath = D:/temporary/DGE-MINSA_Reports_2021/05_2021/;
ReportName = coronavirus270521.pdf;
Date = 2021-05-26;
