PruebasAcumuladasDepto=[93.57996781646,9.1646778042959,437.25535518699,421.57517899761,3,PruebasAcumuladasDepto.csv,26];
CasosAcumuladosDepto=[93.57996781646,465.10739856802,432.67301668872,858.04295942721,3,CasosAcumuladosDepto.csv,26];
CasosPositivosEdades=[154.29595291859,25.202863961814,234.48687663838,465.10739856802,14,CasosPositivosEdades.csv,5];
MuertesAcumuladasDepto=[116.49166030783,285.25059665871,470.477309299474,641.52744630072,21,MuertesAcumuladasDepto.csv,26];
CasosAcumuDistrito2020P1=[114.20049105869,77.899761336516,446.420032183537,471.98090692124,75,CasosAcumuDistrito2020P1.csv,22];
CasosAcumuDistrito2020P2=[114.20049105869,480.0,446.420032183537,864.91646778043,75,CasosAcumuDistrito2020P2.csv,22];
CasosAcumuDistrito2021P1=[113.05490643413,84.773269689737,446.420032183537,465.10739856802,76,CasosAcumuDistrito2021P1.csv,22];
CasosAcumuDistrito2021P2=[113.05490643413,480.0,446.420032183537,862.62529832936,76,CasosAcumuDistrito2021P2.csv,22];
MuertesAcumulaDistritoP1=[107.32698331128,182.14797136038,437.25535518699,449.0692124105,79,MuertesAcumulaDistritoP1.csv,22];
MuertesAcumulaDistritoP2=[107.32698331128,467.39856801909,436.10977056242,766.39618138425,79,MuertesAcumulaDistritoP2.csv,22];
ReportPath = D:/temporary/DGE-MINSA_Reports_2021/06_2021/;
ReportName = coronavirus060621.pdf;
Date = 2021-06-06;
