PruebasAcumuladasDepto=[98.16230631474,4.582338902148,477.350817046884,455.94272076372,3,PruebasAcumuladasDepto.csv,26];
CasosAcumuladosDepto=[97.01672169017,470.8353221957,477.350817046884,861.47971360382,3,CasosAcumuladosDepto.csv,26];
CasosPositivosEdades=[126.80192192895,19.474940334129,228.75895351554,553.31742243437,15,CasosPositivosEdades.csv,5];
MuertesAcumuladasDepto=[99.3078909393,0.0,489.952247917137,526.96897374702,21,MuertesAcumuladasDepto.csv,26];
CasosAcumuDistrito2020P1=[115.34607568326,61.861575178998,442.983278309832,471.98090692124,77,CasosAcumuDistrito2020P1.csv,22];
CasosAcumuDistrito2020P2=[115.34607568326,482.29116945107,442.983278309832,885.5369928401,77,CasosAcumuDistrito2020P2.csv,22];
CasosAcumuDistrito2021P1=[114.20049105869,82.482100238663,446.420032183537,467.39856801909,78,CasosAcumuDistrito2021P1.csv,22];
CasosAcumuDistrito2021P2=[113.05490643413,478.85441527446,445.274447558969,867.2076372315,78,CasosAcumuDistrito2021P2.csv,22];
MuertesAcumulaDistritoP1=[106.18139868672,182.14797136038,437.25535518699,455.94272076372,81,MuertesAcumulaDistritoP1.csv,22];
MuertesAcumulaDistritoP2=[107.32698331128,466.25298329356,438.40093981156,772.12410501193,81,MuertesAcumulaDistritoP2.csv,22];
ReportPath = D:/temporary/DGE-MINSA_Reports_2021/05_2021/;
ReportName = coronavirus020521.pdf;
Date = 2021-05-02;
