PruebasAcumuladasDepto=[97.01672169017,113.41288782816,477.350817046884,419.28400954654,3,PruebasAcumuladasDepto.csv,26];
CasosAcumuladosDepto=[98.16230631474,540.71599045346,472.768478548611,832.84009546539,3,CasosAcumuladosDepto.csv,26];
CasosPositivosEdades=[141.69452204834,21.766109785203,220.73986114356,438.75894988067,14,CasosPositivosEdades.csv,5];
MuertesAcumuladasDepto=[109.61815256042,295.56085918854,462.458216927495,632.36276849642,21,MuertesAcumuladasDepto.csv,26];
CasosAcumuDistrito2020P1=[114.20049105869,84.773269689737,445.274447558969,473.12649164678,76,CasosAcumuDistrito2020P1.csv,22];
CasosAcumuDistrito2020P2=[114.20049105869,481.14558472554,446.420032183537,862.62529832936,76,CasosAcumuDistrito2020P2.csv,22];
CasosAcumuDistrito2021P1=[113.05490643413,81.336515513126,446.420032183537,462.81622911695,77,CasosAcumuDistrito2021P1.csv,22];
CasosAcumuDistrito2021P2=[113.05490643413,482.29116945107,445.274447558969,855.75178997613,77,CasosAcumuDistrito2021P2.csv,22];
MuertesAcumulaDistritoP1=[107.32698331128,115.70405727924,436.10977056242,451.36038186158,80,MuertesAcumulaDistritoP1.csv,22];
MuertesAcumulaDistritoP2=[107.32698331128,486.87350835322,437.25535518699,813.36515513126,80,MuertesAcumulaDistritoP2.csv,22];
ReportPath = D:/temporary/DGE-MINSA_Reports_2021/08_2021/;
ReportName = coronavirus120821.pdf;
Date = 2021-08-11;
