PruebasAcumuladasDepto=[101.59906018844,5.727923627685,483.078740169727,434.17661097852,3,PruebasAcumuladasDepto.csv,26];
CasosAcumuladosDepto=[100.45347556387,451.36038186158,483.078740169727,859.18854415274,3,CasosAcumuladosDepto.csv,26];
CasosPositivosEdades=[117.6372449324,65.298329355609,197.82816865219,484.58233890215,14,CasosPositivosEdades.csv,5];
MuertesAcumuladasDepto=[110.76373718499,279.52267303103,462.458216927495,634.65393794749,22,MuertesAcumuladasDepto.csv,26];
CasosAcumuDistrito2020P1=[100.45347556387,87.064439140811,431.52743206415,482.29116945107,77,CasosAcumuDistrito2020P1.csv,22];
CasosAcumuDistrito2020P2=[100.45347556387,489.1646778043,432.67301668872,876.3723150358,77,CasosAcumuDistrito2020P2.csv,22];
CasosAcumuDistrito2021P1=[105.03581406215,82.482100238663,440.692109060695,473.12649164678,78,CasosAcumuDistrito2021P1.csv,22];
CasosAcumuDistrito2021P2=[106.18139868672,483.43675417661,438.40093981156,880.95465393795,78,CasosAcumuDistrito2021P2.csv,22];
MuertesAcumulaDistritoP1=[92.43438319189,129.45107398568,429.23626281501,454.79713603819,81,MuertesAcumulaDistritoP1.csv,22];
MuertesAcumulaDistritoP2=[91.28879856733,473.12649164678,425.79950894131,824.82100238663,81,MuertesAcumulaDistritoP2.csv,22];
ReportPath = D:/temporary/DGE-MINSA_Reports_2021/10_2021/;
ReportName = coronavirus231021.pdf;
Date = 2021-10-24;
