PruebasAcumuladasDepto=[102.74464481301,26.348448687351,477.350817046884,443.34128878282,3,PruebasAcumuladasDepto.csv,26];
CasosAcumuladosDepto=[102.74464481301,468.54415274463,476.205232422316,872.93556085919,3,CasosAcumuladosDepto.csv,26];
CasosPositivosEdades=[145.13127592204,20.620525059666,225.32219964183,441.05011933174,14,CasosPositivosEdades.csv,5];
MuertesAcumuladasDepto=[116.49166030783,279.52267303103,472.768478548611,634.65393794749,21,MuertesAcumuladasDepto.csv,26];
CasosAcumuDistrito2020P1=[114.20049105869,83.6276849642,445.274447558969,471.98090692124,76,CasosAcumuDistrito2020P1.csv,22];
CasosAcumuDistrito2020P2=[113.05490643413,478.85441527446,446.420032183537,864.91646778043,76,CasosAcumuDistrito2020P2.csv,22];
CasosAcumuDistrito2021P1=[114.20049105869,77.899761336516,446.420032183537,476.56324582339,77,CasosAcumuDistrito2021P1.csv,22];
CasosAcumuDistrito2021P2=[113.05490643413,477.70883054893,445.274447558969,868.35322195704,77,CasosAcumuDistrito2021P2.csv,22];
MuertesAcumulaDistritoP1=[107.32698331128,107.68496420048,436.10977056242,468.54415274463,80,MuertesAcumulaDistritoP1.csv,22];
MuertesAcumulaDistritoP2=[107.32698331128,485.72792362768,438.40093981156,835.13126491647,80,MuertesAcumulaDistritoP2.csv,22];
ReportPath = D:/temporary/DGE-MINSA_Reports_2021/06_2021/;
ReportName = coronavirus290621.pdf;
Date = 2021-06-28;
