PruebasAcumuladasDepto=[96.02872349268,2.2966507177034,487.607636291337,436.36363636364,3,PruebasAcumuladasDepto.csv,26];
CasosAcumuladosDepto=[94.8803982352,439.80861244019,487.607636291337,871.57894736842,3,CasosAcumuladosDepto.csv,26];
CasosPositivosEdades=[117.84690338469,82.679425837321,200.52632192282,499.52153110048,14,CasosPositivosEdades.csv,5];
MuertesAcumuladasDepto=[109.80862658237,281.33971291866,463.492805884382,636.17224880383,22,MuertesAcumuladasDepto.csv,26];
CasosAcumuDistrito2020P1=[93.73207297773,83.827751196172,426.74639764521,478.85167464115,77,CasosAcumuDistrito2020P1.csv,22];
CasosAcumuDistrito2020P2=[93.73207297773,474.25837320574,427.89472290269,871.57894736842,77,CasosAcumuDistrito2020P2.csv,22];
CasosAcumuDistrito2021P1=[107.51197606742,81.531100478469,439.37797547743,469.66507177033,78,CasosAcumuDistrito2021P1.csv,22];
CasosAcumuDistrito2021P2=[106.36365080994,478.85167464115,438.22965021995,873.87559808612,78,CasosAcumuDistrito2021P2.csv,22];
MuertesAcumulaDistritoP1=[67.32059205583,110.23923444976,417.55979558542,450.14354066986,81,MuertesAcumulaDistritoP1.csv,22];
MuertesAcumulaDistritoP2=[67.32059205583,471.96172248804,416.41147032794,841.72248803828,81,MuertesAcumulaDistritoP2.csv,22];
ReportPath = D:/temporary/DGE-MINSA_Reports_2021/10_2021/;
ReportName = coronavirus281021.pdf;
Date = 2021-10-29;
