PruebasAcumuladasDepto=[95.8711370656,9.1646778042959,475.059647797748,434.17661097852,3,PruebasAcumuladasDepto.csv,26];
CasosAcumuladosDepto=[94.72555244103,443.34128878282,475.059647797748,860.33412887828,3,CasosAcumuladosDepto.csv,26];
CasosPositivosEdades=[124.51075267981,14.892601431981,228.75895351554,560.19093078759,15,CasosPositivosEdades.csv,5];
MuertesAcumuladasDepto=[101.59906018844,0.0,493.389001790842,529.26014319809,21,MuertesAcumuladasDepto.csv,26];
CasosAcumuDistrito2020P1=[113.05490643413,81.336515513126,446.420032183537,467.39856801909,77,CasosAcumuDistrito2020P1.csv,22];
CasosAcumuDistrito2020P2=[114.20049105869,480.0,445.274447558969,863.77088305489,77,CasosAcumuDistrito2020P2.csv,22];
CasosAcumuDistrito2021P1=[113.05490643413,80.190930787589,447.565616808105,467.39856801909,78,CasosAcumuDistrito2021P1.csv,22];
CasosAcumuDistrito2021P2=[113.05490643413,480.0,446.420032183537,863.77088305489,78,CasosAcumuDistrito2021P2.csv,22];
MuertesAcumulaDistritoP1=[107.32698331128,182.14797136038,437.25535518699,453.65155131265,81,MuertesAcumulaDistritoP1.csv,22];
MuertesAcumulaDistritoP2=[106.18139868672,469.68973747017,436.10977056242,772.12410501193,81,MuertesAcumulaDistritoP2.csv,22];
ReportPath = D:/temporary/DGE-MINSA_Reports_2021/05_2021/;
ReportName = coronavirus040521.pdf;
Date = 2021-05-03;
