PruebasAcumuladasDepto=[95.8711370656,101.95704057279,472.768478548611,395.22673031026,3,PruebasAcumuladasDepto.csv,26];
CasosAcumuladosDepto=[91.28879856733,564.77326968974,477.350817046884,844.29594272076,3,CasosAcumuladosDepto.csv,26];
CasosPositivosEdades=[146.27686054661,16.038186157518,226.4677842664,450.21479713604,14,CasosPositivosEdades.csv,5];
MuertesAcumuladasDepto=[110.76373718499,284.10501193317,460.167047678358,631.21718377088,22,MuertesAcumuladasDepto.csv,26];
CasosAcumuDistrito2020P1=[117.6372449324,98.520286396181,441.837693685263,455.94272076372,77,CasosAcumuDistrito2020P1.csv,22];
CasosAcumuDistrito2020P2=[118.78282955697,468.54415274463,439.54652443613,859.18854415274,77,CasosAcumuDistrito2020P2.csv,22];
CasosAcumuDistrito2021P1=[117.6372449324,98.520286396181,440.692109060695,458.2338902148,78,CasosAcumuDistrito2021P1.csv,22];
CasosAcumuDistrito2021P2=[118.78282955697,468.54415274463,439.54652443613,854.6062052506,78,CasosAcumuDistrito2021P2.csv,22];
MuertesAcumulaDistritoP1=[110.76373718499,114.5584725537,431.52743206415,451.36038186158,81,MuertesAcumulaDistritoP1.csv,22];
MuertesAcumulaDistritoP2=[110.76373718499,470.8353221957,433.81860131328,842.00477326969,81,MuertesAcumulaDistritoP2.csv,22];
ReportPath = D:/temporary/DGE-MINSA_Reports_2021/10_2021/;
ReportName = coronavirus201021.pdf;
Date = 2021-10-21;
