PruebasAcumuladasDepto=[97.01672169017,20.620525059666,467.040555425769,437.61336515513,3,PruebasAcumuladasDepto.csv,26];
CasosAcumuladosDepto=[95.8711370656,458.2338902148,467.040555425769,861.47971360382,3,CasosAcumuladosDepto.csv,26];
CasosPositivosEdades=[116.49166030783,18.329355608592,200.11933790133,441.05011933174,14,CasosPositivosEdades.csv,5];
MuertesAcumuladasDepto=[116.49166030783,309.30787589499,472.768478548611,658.71121718377,21,MuertesAcumuladasDepto.csv,26];
CasosAcumuDistrito2020P1=[79.83295232164,46.968973747017,437.25535518699,468.54415274463,76,CasosAcumuDistrito2020P1.csv,22];
CasosAcumuDistrito2020P2=[79.83295232164,476.56324582339,438.40093981156,886.68257756563,76,CasosAcumuDistrito2020P2.csv,22];
CasosAcumuDistrito2021P1=[77.5417830725,48.114558472554,438.40093981156,469.68973747017,77,CasosAcumuDistrito2021P1.csv,22];
CasosAcumuDistrito2021P2=[76.39619844794,482.29116945107,437.25535518699,899.28400954654,77,CasosAcumuDistrito2021P2.csv,22];
MuertesAcumulaDistritoP1=[62.64918295312,128.30548926014,448.711201432674,435.32219570406,80,MuertesAcumulaDistritoP1.csv,22];
MuertesAcumulaDistritoP2=[62.64918295312,460.52505966587,446.420032183537,807.63723150358,80,MuertesAcumulaDistritoP2.csv,22];
ReportPath = D:/temporary/DGE-MINSA_Reports_2021/06_2021/;
ReportName = coronavirus110621.pdf;
Date = 2021-06-10;
