PruebasAcumuladasDepto=[100.45347556387,11.45584725537,477.350817046884,425.01193317422,3,PruebasAcumuladasDepto.csv,26];
CasosAcumuladosDepto=[94.72555244103,457.08830548926,476.205232422316,854.6062052506,3,CasosAcumuladosDepto.csv,26];
CasosPositivosEdades=[146.27686054661,24.057279236277,226.4677842664,433.03102625298,14,CasosPositivosEdades.csv,5];
MuertesAcumuladasDepto=[110.76373718499,274.94033412888,464.749386176632,635.79952267303,21,MuertesAcumuladasDepto.csv,26];
CasosAcumuDistrito2020P1=[114.20049105869,77.899761336516,447.565616808105,467.39856801909,76,CasosAcumuDistrito2020P1.csv,22];
CasosAcumuDistrito2020P2=[114.20049105869,482.29116945107,446.420032183537,856.89737470167,76,CasosAcumuDistrito2020P2.csv,22];
CasosAcumuDistrito2021P1=[114.20049105869,80.190930787589,446.420032183537,468.54415274463,77,CasosAcumuDistrito2021P1.csv,22];
CasosAcumuDistrito2021P2=[115.34607568326,480.0,444.1288629344,852.31503579952,77,CasosAcumuDistrito2021P2.csv,22];
MuertesAcumulaDistritoP1=[107.32698331128,116.84964200477,437.25535518699,459.37947494033,80,MuertesAcumulaDistritoP1.csv,22];
MuertesAcumulaDistritoP2=[107.32698331128,489.1646778043,437.25535518699,820.23866348449,80,MuertesAcumulaDistritoP2.csv,22];
ReportPath = D:/temporary/DGE-MINSA_Reports_2021/08_2021/;
ReportName = coronavirus020821.pdf;
Date = 2021-08-01;
