PruebasAcumuladasDepto=[93.57996781646,13.747016706444,465.8949708012,425.01193317422,3,PruebasAcumuladasDepto.csv,26];
CasosAcumuladosDepto=[92.43438319189,452.50596658711,467.040555425769,856.89737470167,3,CasosAcumuladosDepto.csv,26];
CasosPositivosEdades=[126.80192192895,69.880668257757,205.84726102417,496.03818615752,14,CasosPositivosEdades.csv,5];
MuertesAcumuladasDepto=[117.6372449324,276.08591885442,470.477309299474,640.38186157518,21,MuertesAcumuladasDepto.csv,26];
CasosAcumuDistrito2020P1=[94.72555244103,79.045346062053,426.94509356587,475.41766109785,76,CasosAcumuDistrito2020P1.csv,22];
CasosAcumuDistrito2020P2=[95.8711370656,478.85441527446,426.94509356587,856.89737470167,76,CasosAcumuDistrito2020P2.csv,22];
CasosAcumuDistrito2021P1=[95.8711370656,82.482100238663,428.09067819044,466.25298329356,77,CasosAcumuDistrito2021P1.csv,22];
CasosAcumuDistrito2021P2=[94.72555244103,481.14558472554,424.65392431674,858.04295942721,77,CasosAcumuDistrito2021P2.csv,22];
MuertesAcumulaDistritoP1=[80.97853694621,113.41288782816,412.05249344648,454.79713603819,80,MuertesAcumulaDistritoP1.csv,22];
MuertesAcumulaDistritoP2=[79.83295232164,484.58233890215,410.90690882192,823.6754176611,80,MuertesAcumulaDistritoP2.csv,22];
ReportPath = D:/temporary/DGE-MINSA_Reports_2021/07_2021/;
ReportName = coronavirus130721.pdf;
Date = 2021-07-12;
