PruebasAcumuladasDepto=[98.16230631474,6.873508353222,477.350817046884,455.94272076372,3,PruebasAcumuladasDepto.csv,26];
CasosAcumuladosDepto=[97.01672169017,461.67064439141,476.205232422316,874.08114558473,3,CasosAcumuladosDepto.csv,26];
CasosPositivosEdades=[125.65633730438,20.620525059666,227.61336889097,557.89976133652,15,CasosPositivosEdades.csv,5];
MuertesAcumuladasDepto=[95.8711370656,0.0,488.806663292569,528.11455847255,21,MuertesAcumuladasDepto.csv,26];
CasosAcumuDistrito2020P1=[116.49166030783,61.861575178998,444.1288629344,468.54415274463,77,CasosAcumuDistrito2020P1.csv,22];
CasosAcumuDistrito2020P2=[116.49166030783,482.29116945107,442.983278309832,882.10023866348,77,CasosAcumuDistrito2020P2.csv,22];
CasosAcumuDistrito2021P1=[115.34607568326,61.861575178998,442.983278309832,468.54415274463,78,CasosAcumuDistrito2021P1.csv,22];
CasosAcumuDistrito2021P2=[115.34607568326,478.85441527446,442.983278309832,891.26491646778,78,CasosAcumuDistrito2021P2.csv,22];
MuertesAcumulaDistritoP1=[106.18139868672,182.14797136038,436.10977056242,452.50596658711,81,MuertesAcumulaDistritoP1.csv,22];
MuertesAcumulaDistritoP2=[107.32698331128,471.98090692124,437.25535518699,765.25059665871,81,MuertesAcumulaDistritoP2.csv,22];
ReportPath = D:/temporary/DGE-MINSA_Reports_2021/05_2021/;
ReportName = coronavirus050521.pdf;
Date = 2021-05-04;
