PruebasAcumuladasDepto=[94.72555244103,521.24105011933,456.730293804653,948.54415274463,3,PruebasAcumuladasDepto.csv,26];
CasosAcumuladosDepto=[94.72555244103,2.291169451074,461.312632302927,418.138424821,3,CasosAcumuladosDepto.csv,26];
CasosPositivosEdades=[141.69452204834,20.620525059666,220.73986114356,452.50596658711,14,CasosPositivosEdades.csv,5];
MuertesAcumuladasDepto=[116.49166030783,281.8138424821,471.622893924042,639.23627684964,21,MuertesAcumuladasDepto.csv,26];
CasosAcumuDistrito2020P1=[118.78282955697,65.298329355609,439.54652443613,473.12649164678,76,CasosAcumuDistrito2020P1.csv,22];
CasosAcumuDistrito2020P2=[119.92841418154,480.0,439.54652443613,885.5369928401,76,CasosAcumuDistrito2020P2.csv,22];
CasosAcumuDistrito2021P1=[118.78282955697,60.715990453461,439.54652443613,470.8353221957,77,CasosAcumuDistrito2021P1.csv,22];
CasosAcumuDistrito2021P2=[118.78282955697,481.14558472554,438.40093981156,884.39140811456,77,CasosAcumuDistrito2021P2.csv,22];
MuertesAcumulaDistritoP1=[111.90932180956,167.2553699284,431.52743206415,454.79713603819,80,MuertesAcumulaDistritoP1.csv,22];
MuertesAcumulaDistritoP2=[111.90932180956,471.98090692124,430.38184743958,782.43436754177,80,MuertesAcumulaDistritoP2.csv,22];
ReportPath = D:/temporary/DGE-MINSA_Reports_2021/06_2021/;
ReportName = coronavirus130621.pdf;
Date = 2021-06-12;
