PruebasAcumuladasDepto=[98.16230631474,18.329355608592,467.040555425769,425.01193317422,3,PruebasAcumuladasDepto.csv,26];
CasosAcumuladosDepto=[97.01672169017,471.98090692124,468.186140050337,868.35322195704,3,CasosAcumuladosDepto.csv,26];
CasosPositivosEdades=[135.96659892549,19.474940334129,217.30310726985,434.17661097852,14,CasosPositivosEdades.csv,5];
MuertesAcumuladasDepto=[109.61815256042,278.37708830549,465.8949708012,643.81861575179,21,MuertesAcumuladasDepto.csv,26];
CasosAcumuDistrito2020P1=[114.20049105869,80.190930787589,447.565616808105,470.8353221957,76,CasosAcumuDistrito2020P1.csv,22];
CasosAcumuDistrito2020P2=[114.20049105869,482.29116945107,445.274447558969,864.91646778043,76,CasosAcumuDistrito2020P2.csv,22];
CasosAcumuDistrito2021P1=[115.34607568326,83.6276849642,446.420032183537,466.25298329356,77,CasosAcumuDistrito2021P1.csv,22];
CasosAcumuDistrito2021P2=[114.20049105869,481.14558472554,445.274447558969,860.33412887828,77,CasosAcumuDistrito2021P2.csv,22];
MuertesAcumulaDistritoP1=[107.32698331128,113.41288782816,437.25535518699,459.37947494033,80,MuertesAcumulaDistritoP1.csv,22];
MuertesAcumulaDistritoP2=[106.18139868672,492.60143198091,438.40093981156,822.52983293556,80,MuertesAcumulaDistritoP2.csv,22];
ReportPath = D:/temporary/DGE-MINSA_Reports_2021/08_2021/;
ReportName = coronavirus050821.pdf;
Date = 2021-08-04;
