PruebasAcumuladasDepto=[94.72555244103,17.183770883055,468.186140050337,428.44868735084,3,PruebasAcumuladasDepto.csv,26];
CasosAcumuladosDepto=[91.28879856733,460.52505966587,467.040555425769,861.47971360382,3,CasosAcumuladosDepto.csv,26];
CasosPositivosEdades=[127.94750655352,80.190930787589,208.13843027331,500.62052505967,14,CasosPositivosEdades.csv,5];
MuertesAcumuladasDepto=[108.47256793585,285.25059665871,463.603801552063,642.67303102625,21,MuertesAcumuladasDepto.csv,26];
CasosAcumuDistrito2020P1=[93.57996781646,83.6276849642,425.79950894131,478.85441527446,76,CasosAcumuDistrito2020P1.csv,22];
CasosAcumuDistrito2020P2=[93.57996781646,480.0,425.79950894131,862.62529832936,76,CasosAcumuDistrito2020P2.csv,22];
CasosAcumuDistrito2021P1=[94.72555244103,84.773269689737,425.79950894131,467.39856801909,77,CasosAcumuDistrito2021P1.csv,22];
CasosAcumuDistrito2021P2=[94.72555244103,480.0,425.79950894131,862.62529832936,77,CasosAcumuDistrito2021P2.csv,22];
MuertesAcumulaDistritoP1=[95.8711370656,113.41288782816,428.09067819044,452.50596658711,80,MuertesAcumulaDistritoP1.csv,22];
MuertesAcumulaDistritoP2=[95.8711370656,490.31026252983,428.09067819044,827.11217183771,80,MuertesAcumulaDistritoP2.csv,22];
ReportPath = D:/temporary/DGE-MINSA_Reports_2021/07_2021/;
ReportName = coronavirus170721.pdf;
Date = 2021-07-16;
