PruebasAcumuladasDepto=[103.89022943758,3.436754176611,459.02146305379,428.44868735084,3,PruebasAcumuladasDepto.csv,26];
CasosAcumuladosDepto=[105.03581406215,451.36038186158,459.02146305379,854.6062052506,3,CasosAcumuladosDepto.csv,26];
CasosPositivosEdades=[141.69452204834,30.930787589499,219.59427651899,459.37947494033,14,CasosPositivosEdades.csv,5];
MuertesAcumuladasDepto=[109.61815256042,282.95942720764,463.603801552063,641.52744630072,21,MuertesAcumuladasDepto.csv,26];
CasosAcumuDistrito2020P1=[118.78282955697,60.715990453461,440.692109060695,467.39856801909,76,CasosAcumuDistrito2020P1.csv,22];
CasosAcumuDistrito2020P2=[118.78282955697,478.85441527446,440.692109060695,879.80906921241,76,CasosAcumuDistrito2020P2.csv,22];
CasosAcumuDistrito2021P1=[118.78282955697,63.007159904535,439.54652443613,459.37947494033,77,CasosAcumuDistrito2021P1.csv,22];
CasosAcumuDistrito2021P2=[117.6372449324,477.70883054893,439.54652443613,879.80906921241,77,CasosAcumuDistrito2021P2.csv,22];
MuertesAcumulaDistritoP1=[111.90932180956,92.792362768496,431.52743206415,466.25298329356,80,MuertesAcumulaDistritoP1.csv,22];
MuertesAcumulaDistritoP2=[111.90932180956,486.87350835322,431.52743206415,840.85918854415,80,MuertesAcumulaDistritoP2.csv,22];
ReportPath = D:/temporary/DGE-MINSA_Reports_2021/06_2021/;
ReportName = coronavirus280621.pdf;
Date = 2021-06-27;
