PruebasAcumuladasDepto=[114.20049105869,49.260143198091,476.205232422316,455.94272076372,3,PruebasAcumuladasDepto.csv,26];
CasosAcumuladosDepto=[115.34607568326,485.72792362768,471.622893924042,867.2076372315,3,CasosAcumuladosDepto.csv,26];
CasosPositivosEdades=[143.98569129747,24.057279236277,225.32219964183,434.17661097852,14,CasosPositivosEdades.csv,5];
MuertesAcumuladasDepto=[108.47256793585,286.39618138425,461.312632302927,632.36276849642,21,MuertesAcumuladasDepto.csv,26];
CasosAcumuDistrito2020P1=[113.05490643413,83.6276849642,444.1288629344,469.68973747017,76,CasosAcumuDistrito2020P1.csv,22];
CasosAcumuDistrito2020P2=[113.05490643413,480.0,445.274447558969,860.33412887828,76,CasosAcumuDistrito2020P2.csv,22];
CasosAcumuDistrito2021P1=[114.20049105869,84.773269689737,447.565616808105,466.25298329356,77,CasosAcumuDistrito2021P1.csv,22];
CasosAcumuDistrito2021P2=[113.05490643413,481.14558472554,446.420032183537,860.33412887828,77,CasosAcumuDistrito2021P2.csv,22];
MuertesAcumulaDistritoP1=[106.18139868672,113.41288782816,439.54652443613,454.79713603819,80,MuertesAcumulaDistritoP1.csv,22];
MuertesAcumulaDistritoP2=[106.18139868672,486.87350835322,437.25535518699,815.65632458234,80,MuertesAcumulaDistritoP2.csv,22];
ReportPath = D:/temporary/DGE-MINSA_Reports_2021/08_2021/;
ReportName = coronavirus310821.pdf;
Date = 2021-08-30;
