PruebasAcumuladasDepto=[91.28879856733,22.91169451074,468.186140050337,441.05011933174,3,PruebasAcumuladasDepto.csv,26];
CasosAcumuladosDepto=[92.43438319189,461.67064439141,467.040555425769,867.2076372315,3,CasosAcumuladosDepto.csv,26];
CasosPositivosEdades=[135.96659892549,21.766109785203,215.01193802072,434.17661097852,14,CasosPositivosEdades.csv,5];
MuertesAcumuladasDepto=[109.61815256042,286.39618138425,461.312632302927,632.36276849642,21,MuertesAcumuladasDepto.csv,26];
CasosAcumuDistrito2020P1=[111.90932180956,84.773269689737,444.1288629344,475.41766109785,76,CasosAcumuDistrito2020P1.csv,22];
CasosAcumuDistrito2020P2=[114.20049105869,478.85441527446,446.420032183537,862.62529832936,76,CasosAcumuDistrito2020P2.csv,22];
CasosAcumuDistrito2021P1=[111.90932180956,85.918854415274,445.274447558969,466.25298329356,77,CasosAcumuDistrito2021P1.csv,22];
CasosAcumuDistrito2021P2=[113.05490643413,476.56324582339,446.420032183537,859.18854415274,77,CasosAcumuDistrito2021P2.csv,22];
MuertesAcumulaDistritoP1=[107.32698331128,117.99522673031,437.25535518699,452.50596658711,80,MuertesAcumulaDistritoP1.csv,22];
MuertesAcumulaDistritoP2=[106.18139868672,488.01909307876,438.40093981156,819.09307875895,80,MuertesAcumulaDistritoP2.csv,22];
ReportPath = D:/temporary/DGE-MINSA_Reports_2021/08_2021/;
ReportName = coronavirus290821.pdf;
Date = 2021-08-28;
