PruebasAcumuladasDepto=[91.28879856733,51.551312649165,468.186140050337,453.65155131265,3,PruebasAcumuladasDepto.csv,26];
CasosAcumuladosDepto=[95.8711370656,475.41766109785,468.186140050337,847.73269689737,3,CasosAcumuladosDepto.csv,26];
CasosPositivosEdades=[153.15036829402,21.766109785203,233.34129201381,436.46778042959,14,CasosPositivosEdades.csv,5];
MuertesAcumuladasDepto=[109.61815256042,286.39618138425,462.458216927495,632.36276849642,22,MuertesAcumuladasDepto.csv,26];
CasosAcumuDistrito2020P1=[111.90932180956,83.6276849642,445.274447558969,470.8353221957,77,CasosAcumuDistrito2020P1.csv,22];
CasosAcumuDistrito2020P2=[113.05490643413,478.85441527446,446.420032183537,866.06205250597,77,CasosAcumuDistrito2020P2.csv,22];
CasosAcumuDistrito2021P1=[111.90932180956,85.918854415274,446.420032183537,467.39856801909,78,CasosAcumuDistrito2021P1.csv,22];
CasosAcumuDistrito2021P2=[111.90932180956,482.29116945107,445.274447558969,859.18854415274,78,CasosAcumuDistrito2021P2.csv,22];
MuertesAcumulaDistritoP1=[105.03581406215,132.88782816229,438.40093981156,442.19570405728,81,MuertesAcumulaDistritoP1.csv,22];
MuertesAcumulaDistritoP2=[105.03581406215,474.27207637232,440.692109060695,821.38424821002,81,MuertesAcumulaDistritoP2.csv,22];
ReportPath = D:/temporary/DGE-MINSA_Reports_2021/09_2021/;
ReportName = coronavirus210921.pdf;
Date = 2021-09-22;
