PruebasAcumuladasDepto=[97.01672169017,21.766109785203,467.040555425769,434.17661097852,3,PruebasAcumuladasDepto.csv,26];
CasosAcumuladosDepto=[99.3078909393,467.39856801909,457.875878429221,855.75178997613,3,CasosAcumuladosDepto.csv,26];
CasosPositivosEdades=[145.13127592204,20.620525059666,225.32219964183,435.32219570406,14,CasosPositivosEdades.csv,5];
MuertesAcumuladasDepto=[107.32698331128,284.10501193317,461.312632302927,633.50835322196,21,MuertesAcumuladasDepto.csv,26];
CasosAcumuDistrito2020P1=[113.05490643413,82.482100238663,445.274447558969,471.98090692124,76,CasosAcumuDistrito2020P1.csv,22];
CasosAcumuDistrito2020P2=[114.20049105869,477.70883054893,444.1288629344,867.2076372315,76,CasosAcumuDistrito2020P2.csv,22];
CasosAcumuDistrito2021P1=[111.90932180956,84.773269689737,446.420032183537,468.54415274463,77,CasosAcumuDistrito2021P1.csv,22];
CasosAcumuDistrito2021P2=[113.05490643413,477.70883054893,444.1288629344,866.06205250597,77,CasosAcumuDistrito2021P2.csv,22];
MuertesAcumulaDistritoP1=[106.18139868672,112.26730310263,438.40093981156,459.37947494033,80,MuertesAcumulaDistritoP1.csv,22];
MuertesAcumulaDistritoP2=[105.03581406215,485.72792362768,437.25535518699,819.09307875895,80,MuertesAcumulaDistritoP2.csv,22];
ReportPath = D:/temporary/DGE-MINSA_Reports_2021/08_2021/;
ReportName = coronavirus260821.pdf;
Date = 2021-08-25;
