PruebasAcumuladasDepto=[97.01672169017,4.582338902148,461.312632302927,443.34128878282,3,PruebasAcumuladasDepto.csv,26];
CasosAcumuladosDepto=[95.8711370656,449.0692124105,461.312632302927,869.49880668258,3,CasosAcumuladosDepto.csv,26];
CasosPositivosEdades=[146.27686054661,19.474940334129,224.17661501726,453.65155131265,14,CasosPositivosEdades.csv,5];
MuertesAcumuladasDepto=[116.49166030783,277.23150357995,472.768478548611,641.52744630072,21,MuertesAcumuladasDepto.csv,26];
CasosAcumuDistrito2020P1=[118.78282955697,59.570405727924,439.54652443613,471.98090692124,76,CasosAcumuDistrito2020P1.csv,22];
CasosAcumuDistrito2020P2=[118.78282955697,480.0,439.54652443613,886.68257756563,76,CasosAcumuDistrito2020P2.csv,22];
CasosAcumuDistrito2021P1=[118.78282955697,59.570405727924,439.54652443613,470.8353221957,77,CasosAcumuDistrito2021P1.csv,22];
CasosAcumuDistrito2021P2=[117.6372449324,480.0,439.54652443613,883.24582338902,77,CasosAcumuDistrito2021P2.csv,22];
MuertesAcumulaDistritoP1=[106.18139868672,183.29355608592,438.40093981156,453.65155131265,80,MuertesAcumulaDistritoP1.csv,22];
MuertesAcumulaDistritoP2=[106.18139868672,466.25298329356,436.10977056242,764.10501193317,80,MuertesAcumulaDistritoP2.csv,22];
ReportPath = D:/temporary/DGE-MINSA_Reports_2021/06_2021/;
ReportName = coronavirus200621.pdf;
Date = 2021-06-19;
