PruebasAcumuladasDepto=[95.8711370656,4.582338902148,448.711201432674,433.03102625298,3,PruebasAcumuladasDepto.csv,26];
CasosAcumuladosDepto=[91.28879856733,465.10739856802,442.983278309832,862.62529832936,3,CasosAcumuladosDepto.csv,26];
CasosPositivosEdades=[146.27686054661,33.221957040573,225.32219964183,465.10739856802,14,CasosPositivosEdades.csv,5];
MuertesAcumuladasDepto=[108.47256793585,282.95942720764,462.458216927495,633.50835322196,22,MuertesAcumuladasDepto.csv,26];
CasosAcumuDistrito2020P1=[118.78282955697,208.49642004773,440.692109060695,462.81622911695,77,CasosAcumuDistrito2020P1.csv,22];
CasosAcumuDistrito2020P2=[119.92841418154,468.54415274463,438.40093981156,737.75656324582,77,CasosAcumuDistrito2020P2.csv,22];
CasosAcumuDistrito2021P1=[118.78282955697,210.78758949881,439.54652443613,460.52505966587,78,CasosAcumuDistrito2021P1.csv,22];
CasosAcumuDistrito2021P2=[118.78282955697,470.8353221957,440.692109060695,743.48448687351,78,CasosAcumuDistrito2021P2.csv,22];
MuertesAcumulaDistritoP1=[110.76373718499,115.70405727924,433.81860131328,445.63245823389,81,MuertesAcumulaDistritoP1.csv,22];
MuertesAcumulaDistritoP2=[109.61815256042,474.27207637232,433.81860131328,831.69451073986,81,MuertesAcumulaDistritoP2.csv,22];
ReportPath = D:/temporary/DGE-MINSA_Reports_2021/09_2021/;
ReportName = coronavirus260921.pdf;
Date = 2021-09-27;
