PruebasAcumuladasDepto=[95.8711370656,4.582338902148,485.369909418863,435.32219570406,3,PruebasAcumuladasDepto.csv,26];
CasosAcumuladosDepto=[94.72555244103,444.48687350835,487.661078668,859.18854415274,3,CasosAcumuladosDepto.csv,26];
CasosPositivosEdades=[132.52984505179,25.202863961814,213.86635339615,439.90453460621,14,CasosPositivosEdades.csv,5];
MuertesAcumuladasDepto=[99.3078909393,0.0,483.078740169727,532.6968973747,19,MuertesAcumuladasDepto.csv,26];
CasosAcumuDistrito2020P1=[115.34607568326,82.482100238663,445.274447558969,470.8353221957,75,CasosAcumuDistrito2020P1.csv,22];
CasosAcumuDistrito2020P2=[114.20049105869,480.0,446.420032183537,867.2076372315,75,CasosAcumuDistrito2020P2.csv,22];
CasosAcumuDistrito2021P1=[114.20049105869,81.336515513126,446.420032183537,470.8353221957,76,CasosAcumuDistrito2021P1.csv,22];
CasosAcumuDistrito2021P2=[114.20049105869,480.0,446.420032183537,867.2076372315,76,CasosAcumuDistrito2021P2.csv,22];
MuertesAcumulaDistritoP1=[106.18139868672,185.58472553699,437.25535518699,450.21479713604,79,MuertesAcumulaDistritoP1.csv,22];
MuertesAcumulaDistritoP2=[106.18139868672,469.68973747017,437.25535518699,767.54176610979,79,MuertesAcumulaDistritoP2.csv,22];
ReportPath = D:/temporary/DGE-MINSA_Reports_2021/05_2021/;
ReportName = coronavirus250521.pdf;
Date = 2021-05-24;
