PruebasAcumuladasDepto=[94.72555244103,0.0,488.806663292569,429.59427207637,3,PruebasAcumuladasDepto.csv,26];
CasosAcumuladosDepto=[93.57996781646,441.05011933174,488.806663292569,868.35322195704,3,CasosAcumuladosDepto.csv,26];
CasosPositivosEdades=[135.96659892549,30.930787589499,217.30310726985,447.92362768496,14,CasosPositivosEdades.csv,5];
MuertesAcumuladasDepto=[117.6372449324,286.39618138425,467.040555425769,647.2553699284,21,MuertesAcumuladasDepto.csv,26];
CasosAcumuDistrito2020P1=[113.05490643413,82.482100238663,446.420032183537,477.70883054893,76,CasosAcumuDistrito2020P1.csv,22];
CasosAcumuDistrito2020P2=[114.20049105869,482.29116945107,445.274447558969,872.93556085919,76,CasosAcumuDistrito2020P2.csv,22];
CasosAcumuDistrito2021P1=[114.20049105869,82.482100238663,446.420032183537,471.98090692124,77,CasosAcumuDistrito2021P1.csv,22];
CasosAcumuDistrito2021P2=[113.05490643413,478.85441527446,445.274447558969,864.91646778043,77,CasosAcumuDistrito2021P2.csv,22];
MuertesAcumulaDistritoP1=[107.32698331128,182.14797136038,438.40093981156,460.52505966587,80,MuertesAcumulaDistritoP1.csv,22];
MuertesAcumulaDistritoP2=[106.18139868672,473.12649164678,438.40093981156,773.26968973747,80,MuertesAcumulaDistritoP2.csv,22];
ReportPath = D:/temporary/DGE-MINSA_Reports_2021/06_2021/;
ReportName = coronavirus070621.pdf;
Date = 2021-06-07;
