PruebasAcumuladasDepto=[98.16230631474,9.1646778042959,476.205232422316,438.75894988067,3,PruebasAcumuladasDepto.csv,26];
CasosAcumuladosDepto=[97.01672169017,457.08830548926,477.350817046884,858.04295942721,3,CasosAcumuladosDepto.csv,26];
CasosPositivosEdades=[142.84010667291,21.766109785203,226.4677842664,441.05011933174,14,CasosPositivosEdades.csv,5];
MuertesAcumuladasDepto=[108.47256793585,280.66825775656,462.458216927495,642.67303102625,21,MuertesAcumuladasDepto.csv,26];
CasosAcumuDistrito2020P1=[113.05490643413,79.045346062053,444.1288629344,476.56324582339,76,CasosAcumuDistrito2020P1.csv,22];
CasosAcumuDistrito2020P2=[115.34607568326,481.14558472554,445.274447558969,877.51789976134,76,CasosAcumuDistrito2020P2.csv,22];
CasosAcumuDistrito2021P1=[114.20049105869,82.482100238663,445.274447558969,475.41766109785,77,CasosAcumuDistrito2021P1.csv,22];
CasosAcumuDistrito2021P2=[114.20049105869,483.43675417661,446.420032183537,875.22673031026,77,CasosAcumuDistrito2021P2.csv,22];
MuertesAcumulaDistritoP1=[106.18139868672,117.99522673031,437.25535518699,482.29116945107,80,MuertesAcumulaDistritoP1.csv,22];
MuertesAcumulaDistritoP2=[107.32698331128,485.72792362768,437.25535518699,844.29594272076,80,MuertesAcumulaDistritoP2.csv,22];
ReportPath = D:/temporary/DGE-MINSA_Reports_2021/09_2021/;
ReportName = coronavirus020921.pdf;
Date = 2021-09-03;
