PruebasAcumuladasDepto=[99.3078909393,40.095465393795,471.622893924042,441.05011933174,3,PruebasAcumuladasDepto.csv,26];
CasosAcumuladosDepto=[99.3078909393,483.43675417661,470.477309299474,869.49880668258,3,CasosAcumuladosDepto.csv,26];
CasosPositivosEdades=[135.96659892549,20.620525059666,216.15752264528,438.75894988067,14,CasosPositivosEdades.csv,5];
MuertesAcumuladasDepto=[108.47256793585,279.52267303103,462.458216927495,634.65393794749,22,MuertesAcumuladasDepto.csv,26];
CasosAcumuDistrito2020P1=[114.20049105869,80.190930787589,447.565616808105,475.41766109785,77,CasosAcumuDistrito2020P1.csv,22];
CasosAcumuDistrito2020P2=[113.05490643413,477.70883054893,444.1288629344,868.35322195704,77,CasosAcumuDistrito2020P2.csv,22];
CasosAcumuDistrito2021P1=[113.05490643413,82.482100238663,446.420032183537,468.54415274463,78,CasosAcumuDistrito2021P1.csv,22];
CasosAcumuDistrito2021P2=[114.20049105869,478.85441527446,446.420032183537,866.06205250597,78,CasosAcumuDistrito2021P2.csv,22];
MuertesAcumulaDistritoP1=[105.03581406215,129.45107398568,439.54652443613,453.65155131265,81,MuertesAcumulaDistritoP1.csv,22];
MuertesAcumulaDistritoP2=[106.18139868672,473.12649164678,437.25535518699,819.09307875895,81,MuertesAcumulaDistritoP2.csv,22];
ReportPath = D:/temporary/DGE-MINSA_Reports_2021/10_2021/;
ReportName = coronavirus181021.pdf;
Date = 2021-10-19;
