PruebasAcumuladasDepto=[94.72555244103,4.582338902148,465.8949708012,414.70167064439,3,PruebasAcumuladasDepto.csv,26];
CasosAcumuladosDepto=[93.57996781646,451.36038186158,465.8949708012,854.6062052506,3,CasosAcumuladosDepto.csv,26];
CasosPositivosEdades=[121.07399880611,83.6276849642,201.26492252589,499.47494033413,14,CasosPositivosEdades.csv,5];
MuertesAcumuladasDepto=[116.49166030783,279.52267303103,471.622893924042,635.79952267303,21,MuertesAcumuladasDepto.csv,26];
CasosAcumuDistrito2020P1=[94.72555244103,82.482100238663,425.79950894131,469.68973747017,76,CasosAcumuDistrito2020P1.csv,22];
CasosAcumuDistrito2020P2=[94.72555244103,478.85441527446,426.94509356587,867.2076372315,76,CasosAcumuDistrito2020P2.csv,22];
CasosAcumuDistrito2021P1=[94.72555244103,82.482100238663,425.79950894131,473.12649164678,77,CasosAcumuDistrito2021P1.csv,22];
CasosAcumuDistrito2021P2=[95.8711370656,480.0,425.79950894131,866.06205250597,77,CasosAcumuDistrito2021P2.csv,22];
MuertesAcumulaDistritoP1=[82.12412157078,120.28639618138,413.19807807105,468.54415274463,80,MuertesAcumulaDistritoP1.csv,22];
MuertesAcumulaDistritoP2=[82.12412157078,497.18377088305,414.34366269562,837.42243436754,80,MuertesAcumulaDistritoP2.csv,22];
ReportPath = D:/temporary/DGE-MINSA_Reports_2021/07_2021/;
ReportName = coronavirus210721.pdf;
Date = 2021-07-20;
