PruebasAcumuladasDepto=[94.72555244103,11.45584725537,463.603801552063,429.59427207637,3,PruebasAcumuladasDepto.csv,26];
CasosAcumuladosDepto=[93.57996781646,463.96181384248,463.603801552063,866.06205250597,3,CasosAcumuladosDepto.csv,26];
CasosPositivosEdades=[116.49166030783,59.570405727924,197.82816865219,470.8353221957,14,CasosPositivosEdades.csv,5];
MuertesAcumuladasDepto=[108.47256793585,281.8138424821,460.167047678358,639.23627684964,22,MuertesAcumuladasDepto.csv,26];
CasosAcumuDistrito2020P1=[87.85204469362,85.918854415274,423.50833969217,476.56324582339,77,CasosAcumuDistrito2020P1.csv,22];
CasosAcumuDistrito2020P2=[88.99762931819,483.43675417661,423.50833969217,874.08114558473,77,CasosAcumuDistrito2020P2.csv,22];
CasosAcumuDistrito2021P1=[92.43438319189,87.064439140811,429.23626281501,470.8353221957,78,CasosAcumuDistrito2021P1.csv,22];
CasosAcumuDistrito2021P2=[93.57996781646,481.14558472554,426.94509356587,869.49880668258,78,CasosAcumuDistrito2021P2.csv,22];
MuertesAcumulaDistritoP1=[92.43438319189,130.59665871122,425.79950894131,427.3031026253,81,MuertesAcumulaDistritoP1.csv,22];
MuertesAcumulaDistritoP2=[93.57996781646,474.27207637232,426.94509356587,825.96658711217,81,MuertesAcumulaDistritoP2.csv,22];
ReportPath = D:/temporary/DGE-MINSA_Reports_2021/10_2021/;
ReportName = coronavirus021021.pdf;
Date = 2021-10-03;
