PruebasAcumuladasDepto=[100.45347556387,48.114558472554,479.641986296021,450.21479713604,3,PruebasAcumuladasDepto.csv,26];
CasosAcumuladosDepto=[98.16230631474,473.12649164678,478.496401671453,862.62529832936,3,CasosAcumuladosDepto.csv,26];
CasosPositivosEdades=[141.69452204834,19.474940334129,224.17661501726,435.32219570406,14,CasosPositivosEdades.csv,5];
MuertesAcumuladasDepto=[109.61815256042,282.95942720764,460.167047678358,635.79952267303,22,MuertesAcumuladasDepto.csv,26];
CasosAcumuDistrito2020P1=[114.20049105869,81.336515513126,446.420032183537,475.41766109785,77,CasosAcumuDistrito2020P1.csv,22];
CasosAcumuDistrito2020P2=[113.05490643413,480.0,446.420032183537,867.2076372315,77,CasosAcumuDistrito2020P2.csv,22];
CasosAcumuDistrito2021P1=[113.05490643413,81.336515513126,449.856786057242,471.98090692124,78,CasosAcumuDistrito2021P1.csv,22];
CasosAcumuDistrito2021P2=[114.20049105869,482.29116945107,444.1288629344,870.64439140811,78,CasosAcumuDistrito2021P2.csv,22];
MuertesAcumulaDistritoP1=[105.03581406215,127.15990453461,440.692109060695,461.67064439141,81,MuertesAcumulaDistritoP1.csv,22];
MuertesAcumulaDistritoP2=[105.03581406215,475.41766109785,438.40093981156,825.96658711217,81,MuertesAcumulaDistritoP2.csv,22];
ReportPath = D:/temporary/DGE-MINSA_Reports_2021/10_2021/;
ReportName = coronavirus191021.pdf;
Date = 2021-10-20;
