PruebasAcumuladasDepto=[95.8711370656,10.310262529833,473.914063173179,428.44868735084,3,PruebasAcumuladasDepto.csv,26];
CasosAcumuladosDepto=[97.01672169017,457.08830548926,473.914063173179,864.91646778043,3,CasosAcumuladosDepto.csv,26];
CasosPositivosEdades=[142.84010667291,20.620525059666,226.4677842664,431.88544152745,14,CasosPositivosEdades.csv,5];
MuertesAcumuladasDepto=[117.6372449324,293.26968973747,470.477309299474,643.81861575179,21,MuertesAcumuladasDepto.csv,26];
CasosAcumuDistrito2020P1=[114.20049105869,81.336515513126,446.420032183537,477.70883054893,76,CasosAcumuDistrito2020P1.csv,22];
CasosAcumuDistrito2020P2=[114.20049105869,480.0,444.1288629344,866.06205250597,76,CasosAcumuDistrito2020P2.csv,22];
CasosAcumuDistrito2021P1=[114.20049105869,87.064439140811,446.420032183537,468.54415274463,77,CasosAcumuDistrito2021P1.csv,22];
CasosAcumuDistrito2021P2=[113.05490643413,480.0,446.420032183537,861.47971360382,77,CasosAcumuDistrito2021P2.csv,22];
MuertesAcumulaDistritoP1=[107.32698331128,183.29355608592,437.25535518699,451.36038186158,80,MuertesAcumulaDistritoP1.csv,22];
MuertesAcumulaDistritoP2=[106.18139868672,467.39856801909,437.25535518699,758.37708830549,80,MuertesAcumulaDistritoP2.csv,22];
ReportPath = D:/temporary/DGE-MINSA_Reports_2021/06_2021/;
ReportName = coronavirus140621.pdf;
Date = 2021-06-13;
