PruebasAcumuladasDepto=[94.72555244103,28.639618138425,465.8949708012,445.63245823389,3,PruebasAcumuladasDepto.csv,26];
CasosAcumuladosDepto=[92.43438319189,462.81622911695,468.186140050337,866.06205250597,3,CasosAcumuladosDepto.csv,26];
CasosPositivosEdades=[117.6372449324,83.6276849642,197.82816865219,493.74701670644,14,CasosPositivosEdades.csv,5];
MuertesAcumuladasDepto=[116.49166030783,284.10501193317,472.768478548611,640.38186157518,21,MuertesAcumuladasDepto.csv,26];
CasosAcumuDistrito2020P1=[94.72555244103,81.336515513126,425.79950894131,470.8353221957,76,CasosAcumuDistrito2020P1.csv,22];
CasosAcumuDistrito2020P2=[94.72555244103,480.0,426.94509356587,860.33412887828,76,CasosAcumuDistrito2020P2.csv,22];
CasosAcumuDistrito2021P1=[95.8711370656,82.482100238663,426.94509356587,471.98090692124,77,CasosAcumuDistrito2021P1.csv,22];
CasosAcumuDistrito2021P2=[94.72555244103,475.41766109785,424.65392431674,866.06205250597,77,CasosAcumuDistrito2021P2.csv,22];
MuertesAcumulaDistritoP1=[93.57996781646,121.43198090692,424.65392431674,461.67064439141,80,MuertesAcumulaDistritoP1.csv,22];
MuertesAcumulaDistritoP2=[92.43438319189,490.31026252983,424.65392431674,829.40334128878,80,MuertesAcumulaDistritoP2.csv,22];
ReportPath = D:/temporary/DGE-MINSA_Reports_2021/07_2021/;
ReportName = coronavirus110721.pdf;
Date = 2021-07-10;
