PruebasAcumuladasDepto=[93.57996781646,22.91169451074,467.040555425769,436.46778042959,3,PruebasAcumuladasDepto.csv,26];
CasosAcumuladosDepto=[92.43438319189,450.21479713604,467.040555425769,855.75178997613,3,CasosAcumuladosDepto.csv,26];
CasosPositivosEdades=[119.92841418154,80.190930787589,198.97375327676,498.32935560859,14,CasosPositivosEdades.csv,5];
MuertesAcumuladasDepto=[116.49166030783,284.10501193317,469.331724674906,628.92601431981,21,MuertesAcumuladasDepto.csv,26];
CasosAcumuDistrito2020P1=[107.32698331128,84.773269689737,438.40093981156,469.68973747017,76,CasosAcumuDistrito2020P1.csv,22];
CasosAcumuDistrito2020P2=[107.32698331128,477.70883054893,438.40093981156,863.77088305489,76,CasosAcumuDistrito2020P2.csv,22];
CasosAcumuDistrito2021P1=[95.8711370656,87.064439140811,426.94509356587,465.10739856802,77,CasosAcumuDistrito2021P1.csv,22];
CasosAcumuDistrito2021P2=[95.8711370656,480.0,425.79950894131,863.77088305489,77,CasosAcumuDistrito2021P2.csv,22];
MuertesAcumulaDistritoP1=[107.32698331128,112.26730310263,437.25535518699,458.2338902148,80,MuertesAcumulaDistritoP1.csv,22];
MuertesAcumulaDistritoP2=[106.18139868672,489.1646778043,437.25535518699,822.52983293556,80,MuertesAcumulaDistritoP2.csv,22];
ReportPath = D:/temporary/DGE-MINSA_Reports_2021/07_2021/;
ReportName = coronavirus120721.pdf;
Date = 2021-07-11;
