PruebasAcumuladasDepto=[93.57996781646,11.45584725537,479.641986296021,438.75894988067,3,PruebasAcumuladasDepto.csv,26];
CasosAcumuladosDepto=[95.8711370656,449.0692124105,477.350817046884,859.18854415274,3,CasosAcumuladosDepto.csv,26];
CasosPositivosEdades=[123.36516805524,20.620525059666,227.61336889097,563.6276849642,15,CasosPositivosEdades.csv,5];
MuertesAcumuladasDepto=[100.45347556387,0.0,489.952247917137,533.84248210024,21,MuertesAcumuladasDepto.csv,26];
CasosAcumuDistrito2020P1=[113.05490643413,83.6276849642,444.1288629344,473.12649164678,77,CasosAcumuDistrito2020P1.csv,22];
CasosAcumuDistrito2020P2=[113.05490643413,482.29116945107,445.274447558969,861.47971360382,77,CasosAcumuDistrito2020P2.csv,22];
CasosAcumuDistrito2021P1=[114.20049105869,83.6276849642,446.420032183537,475.41766109785,78,CasosAcumuDistrito2021P1.csv,22];
CasosAcumuDistrito2021P2=[114.20049105869,481.14558472554,445.274447558969,863.77088305489,78,CasosAcumuDistrito2021P2.csv,22];
MuertesAcumulaDistritoP1=[106.18139868672,185.58472553699,437.25535518699,451.36038186158,81,MuertesAcumulaDistritoP1.csv,22];
MuertesAcumulaDistritoP2=[106.18139868672,470.8353221957,437.25535518699,773.26968973747,81,MuertesAcumulaDistritoP2.csv,22];
ReportPath = D:/temporary/DGE-MINSA_Reports_2021/05_2021/;
ReportName = coronavirus130521.pdf;
Date = 2021-05-13;
