PruebasAcumuladasDepto=[93.57996781646,16.038186157518,465.8949708012,434.17661097852,3,PruebasAcumuladasDepto.csv,26];
CasosAcumuladosDepto=[92.43438319189,446.77804295943,464.749386176632,848.87828162291,3,CasosAcumuladosDepto.csv,26];
CasosPositivosEdades=[116.49166030783,45.82338902148,196.68258402762,463.96181384248,14,CasosPositivosEdades.csv,5];
MuertesAcumuladasDepto=[116.49166030783,282.95942720764,470.477309299474,639.23627684964,21,MuertesAcumuladasDepto.csv,26];
CasosAcumuDistrito2020P1=[82.12412157078,190.16706443914,447.565616808105,460.52505966587,76,CasosAcumuDistrito2020P1.csv,22];
CasosAcumuDistrito2020P2=[80.97853694621,468.54415274463,446.420032183537,767.54176610979,76,CasosAcumuDistrito2020P2.csv,22];
CasosAcumuDistrito2021P1=[78.68736769707,172.98329355609,453.293539930948,447.92362768496,77,CasosAcumuDistrito2021P1.csv,22];
CasosAcumuDistrito2021P2=[79.83295232164,459.37947494033,452.147955306379,762.95942720764,77,CasosAcumuDistrito2021P2.csv,22];
MuertesAcumulaDistritoP1=[74.1050291988,116.84964200477,425.79950894131,481.14558472554,80,MuertesAcumulaDistritoP1.csv,22];
MuertesAcumulaDistritoP2=[72.95944457423,515.51312649165,425.79950894131,869.49880668258,80,MuertesAcumulaDistritoP2.csv,22];
ReportPath = D:/temporary/DGE-MINSA_Reports_2021/07_2021/;
ReportName = coronavirus010721.pdf;
Date = 2021-06-30;
