PruebasAcumuladasDepto=[93.57996781646,6.873508353222,477.350817046884,428.44868735084,3,PruebasAcumuladasDepto.csv,26];
CasosAcumuladosDepto=[91.28879856733,457.08830548926,473.914063173179,869.49880668258,3,CasosAcumuladosDepto.csv,26];
CasosPositivosEdades=[145.13127592204,19.474940334129,224.17661501726,436.46778042959,14,CasosPositivosEdades.csv,5];
MuertesAcumuladasDepto=[99.3078909393,0.0,483.078740169727,533.84248210024,19,MuertesAcumuladasDepto.csv,26];
CasosAcumuDistrito2020P1=[115.34607568326,82.482100238663,446.420032183537,470.8353221957,75,CasosAcumuDistrito2020P1.csv,22];
CasosAcumuDistrito2020P2=[113.05490643413,483.43675417661,444.1288629344,867.2076372315,75,CasosAcumuDistrito2020P2.csv,22];
CasosAcumuDistrito2021P1=[113.05490643413,84.773269689737,447.565616808105,469.68973747017,76,CasosAcumuDistrito2021P1.csv,22];
CasosAcumuDistrito2021P2=[114.20049105869,482.29116945107,444.1288629344,862.62529832936,76,CasosAcumuDistrito2021P2.csv,22];
MuertesAcumulaDistritoP1=[107.32698331128,184.43914081146,437.25535518699,457.08830548926,79,MuertesAcumulaDistritoP1.csv,22];
MuertesAcumulaDistritoP2=[107.32698331128,469.68973747017,436.10977056242,766.39618138425,79,MuertesAcumulaDistritoP2.csv,22];
ReportPath = D:/temporary/DGE-MINSA_Reports_2021/05_2021/;
ReportName = coronavirus290521.pdf;
Date = 2021-05-28;
