PruebasAcumuladasDepto=[99.3078909393,10.310262529833,456.730293804653,437.61336515513,3,PruebasAcumuladasDepto.csv,26];
CasosAcumuladosDepto=[99.3078909393,454.79713603819,454.439124555516,840.85918854415,3,CasosAcumuladosDepto.csv,26];
CasosPositivosEdades=[143.98569129747,21.766109785203,219.59427651899,457.08830548926,14,CasosPositivosEdades.csv,5];
MuertesAcumuladasDepto=[110.76373718499,277.23150357995,462.458216927495,646.10978520286,21,MuertesAcumuladasDepto.csv,26];
CasosAcumuDistrito2020P1=[117.6372449324,64.152744630072,440.692109060695,476.56324582339,76,CasosAcumuDistrito2020P1.csv,22];
CasosAcumuDistrito2020P2=[117.6372449324,478.85441527446,439.54652443613,893.55608591885,76,CasosAcumuDistrito2020P2.csv,22];
CasosAcumuDistrito2021P1=[117.6372449324,61.861575178998,438.40093981156,470.8353221957,77,CasosAcumuDistrito2021P1.csv,22];
CasosAcumuDistrito2021P2=[119.92841418154,481.14558472554,438.40093981156,891.26491646778,77,CasosAcumuDistrito2021P2.csv,22];
MuertesAcumulaDistritoP1=[110.76373718499,96.229116945107,432.67301668872,475.41766109785,80,MuertesAcumulaDistritoP1.csv,22];
MuertesAcumulaDistritoP2=[111.90932180956,493.74701670644,431.52743206415,861.47971360382,80,MuertesAcumulaDistritoP2.csv,22];
ReportPath = D:/temporary/DGE-MINSA_Reports_2021/09_2021/;
ReportName = coronavirus050921.pdf;
Date = 2021-09-06;
