PruebasAcumuladasDepto=[100.45347556387,72.171837708831,479.641986296021,388.35322195704,3,PruebasAcumuladasDepto.csv,26];
CasosAcumuladosDepto=[97.01672169017,493.74701670644,480.78757092059,796.18138424821,3,CasosAcumuladosDepto.csv,26];
CasosPositivosEdades=[119.92841418154,34.36754176611,198.97375327676,473.12649164678,14,CasosPositivosEdades.csv,5];
MuertesAcumuladasDepto=[116.49166030783,284.10501193317,469.331724674906,634.65393794749,21,MuertesAcumuladasDepto.csv,26];
CasosAcumuDistrito2020P1=[94.72555244103,79.045346062053,425.79950894131,474.27207637232,76,CasosAcumuDistrito2020P1.csv,22];
CasosAcumuDistrito2020P2=[94.72555244103,480.0,426.94509356587,864.91646778043,76,CasosAcumuDistrito2020P2.csv,22];
CasosAcumuDistrito2021P1=[94.72555244103,83.6276849642,426.94509356587,474.27207637232,77,CasosAcumuDistrito2021P1.csv,22];
CasosAcumuDistrito2021P2=[94.72555244103,480.0,424.65392431674,871.78997613365,77,CasosAcumuDistrito2021P2.csv,22];
MuertesAcumulaDistritoP1=[82.12412157078,126.01431980907,412.05249344648,457.08830548926,80,MuertesAcumulaDistritoP1.csv,22];
MuertesAcumulaDistritoP2=[82.12412157078,475.41766109785,414.34366269562,821.38424821002,80,MuertesAcumulaDistritoP2.csv,22];
ReportPath = D:/temporary/DGE-MINSA_Reports_2021/06_2021/;
ReportName = coronavirus250621.pdf;
Date = 2021-06-24;
