PruebasAcumuladasDepto=[92.43438319189,10.310262529833,465.8949708012,420.42959427208,3,PruebasAcumuladasDepto.csv,26];
CasosAcumuladosDepto=[93.57996781646,449.0692124105,465.8949708012,858.04295942721,3,CasosAcumuladosDepto.csv,26];
CasosPositivosEdades=[124.51075267981,85.918854415274,204.7016763996,497.18377088305,14,CasosPositivosEdades.csv,5];
MuertesAcumuladasDepto=[109.61815256042,290.9785202864,462.458216927495,646.10978520286,21,MuertesAcumuladasDepto.csv,26];
CasosAcumuDistrito2020P1=[91.28879856733,96.229116945107,421.21717044303,475.41766109785,76,CasosAcumuDistrito2020P1.csv,22];
CasosAcumuDistrito2020P2=[90.14321394276,490.31026252983,421.21717044303,875.22673031026,76,CasosAcumuDistrito2020P2.csv,22];
CasosAcumuDistrito2021P1=[95.8711370656,90.501193317422,425.79950894131,477.70883054893,77,CasosAcumuDistrito2021P1.csv,22];
CasosAcumuDistrito2021P2=[94.72555244103,488.01909307876,426.94509356587,863.77088305489,77,CasosAcumuDistrito2021P2.csv,22];
MuertesAcumulaDistritoP1=[72.95944457423,127.15990453461,404.03340107451,470.8353221957,80,MuertesAcumulaDistritoP1.csv,22];
MuertesAcumulaDistritoP2=[72.95944457423,500.62052505967,402.88781644994,830.54892601432,80,MuertesAcumulaDistritoP2.csv,22];
ReportPath = D:/temporary/DGE-MINSA_Reports_2021/07_2021/;
ReportName = coronavirus250721.pdf;
Date = 2021-07-24;
