PruebasAcumuladasDepto=[98.16230631474,26.348448687351,459.02146305379,439.90453460621,3,PruebasAcumuladasDepto.csv,26];
CasosAcumuladosDepto=[98.16230631474,445.63245823389,456.730293804653,844.29594272076,3,CasosAcumuladosDepto.csv,26];
CasosPositivosEdades=[124.51075267981,71.026252983294,204.7016763996,500.62052505967,14,CasosPositivosEdades.csv,5];
MuertesAcumuladasDepto=[109.61815256042,280.66825775656,463.603801552063,644.96420047733,21,MuertesAcumuladasDepto.csv,26];
CasosAcumuDistrito2020P1=[94.72555244103,83.6276849642,424.65392431674,480.0,77,CasosAcumuDistrito2020P1.csv,22];
CasosAcumuDistrito2020P2=[94.72555244103,480.0,428.09067819044,876.3723150358,77,CasosAcumuDistrito2020P2.csv,22];
CasosAcumuDistrito2021P1=[99.3078909393,87.064439140811,430.38184743958,473.12649164678,78,CasosAcumuDistrito2021P1.csv,22];
CasosAcumuDistrito2021P2=[98.16230631474,481.14558472554,431.52743206415,876.3723150358,78,CasosAcumuDistrito2021P2.csv,22];
MuertesAcumulaDistritoP1=[107.32698331128,116.84964200477,437.25535518699,468.54415274463,83,MuertesAcumulaDistritoP1.csv,22];
MuertesAcumulaDistritoP2=[107.32698331128,491.45584725537,434.96418593785,828.25775656325,83,MuertesAcumulaDistritoP2.csv,22];
ReportPath = D:/temporary/DGE-MINSA_Reports_2021/09_2021/;
ReportName = coronavirus100921.pdf;
Date = 2021-09-10;
