PruebasAcumuladasDepto=[94.15276082292,59.570405727924,457.303085377537,471.98090692124,3,PruebasAcumuladasDepto.csv,26];
CasosAcumuladosDepto=[91.86159158283,486.87350835322,457.303085377537,880.95465393795,3,CasosAcumuladosDepto.csv,26];
CasosPositivosEdades=[144.55848410495,17.183770883055,224.74940750818,454.79713603819,14,CasosPositivosEdades.csv,5];
MuertesAcumuladasDepto=[113.62769936371,289.83293556086,468.758931577998,644.96420047733,21,MuertesAcumuladasDepto.csv,26];
CasosAcumuDistrito2020P1=[114.77328398375,84.773269689737,444.70165455703,481.14558472554,76,CasosAcumuDistrito2020P1.csv,22];
CasosAcumuDistrito2020P2=[113.62769936371,477.70883054893,445.847239177076,884.39140811456,76,CasosAcumuDistrito2020P2.csv,22];
CasosAcumuDistrito2021P1=[113.62769936371,79.045346062053,446.992823797122,481.14558472554,77,CasosAcumuDistrito2021P1.csv,22];
CasosAcumuDistrito2021P2=[114.77328398375,482.29116945107,445.847239177076,885.5369928401,77,CasosAcumuDistrito2021P2.csv,22];
MuertesAcumulaDistritoP1=[105.60860702339,184.43914081146,436.68256221671,466.25298329356,80,MuertesAcumulaDistritoP1.csv,22];
MuertesAcumulaDistritoP2=[105.60860702339,474.27207637232,437.82814683675,792.7446300716,80,MuertesAcumulaDistritoP2.csv,22];
Date = 2021-08-2021;