PruebasAcumuladasDepto=[93.57996781646,18.329355608592,465.8949708012,431.88544152745,3,PruebasAcumuladasDepto.csv,26];
CasosAcumuladosDepto=[93.57996781646,453.65155131265,464.749386176632,860.33412887828,3,CasosAcumuladosDepto.csv,26];
CasosPositivosEdades=[118.78282955697,67.589498806683,198.97375327676,490.31026252983,14,CasosPositivosEdades.csv,5];
MuertesAcumuladasDepto=[117.6372449324,285.25059665871,469.331724674906,635.79952267303,21,MuertesAcumuladasDepto.csv,26];
CasosAcumuDistrito2020P1=[84.41529081992,81.336515513126,417.78041656933,471.98090692124,76,CasosAcumuDistrito2020P1.csv,22];
CasosAcumuDistrito2020P2=[84.41529081992,480.0,415.48924732019,869.49880668258,76,CasosAcumuDistrito2020P2.csv,22];
CasosAcumuDistrito2021P1=[107.32698331128,83.6276849642,438.40093981156,468.54415274463,77,CasosAcumuDistrito2021P1.csv,22];
CasosAcumuDistrito2021P2=[106.18139868672,477.70883054893,437.25535518699,864.91646778043,77,CasosAcumuDistrito2021P2.csv,22];
MuertesAcumulaDistritoP1=[88.99762931819,120.28639618138,420.07158581846,468.54415274463,80,MuertesAcumulaDistritoP1.csv,22];
MuertesAcumulaDistritoP2=[88.99762931819,491.45584725537,420.07158581846,837.42243436754,80,MuertesAcumulaDistritoP2.csv,22];
ReportPath = D:/temporary/DGE-MINSA_Reports_2021/07_2021/;
ReportName = coronavirus050721.pdf;
Date = 2021-07-04;
