PruebasAcumuladasDepto=[94.72555244103,12.601431980907,475.059647797748,436.46778042959,3,PruebasAcumuladasDepto.csv,26];
CasosAcumuladosDepto=[97.01672169017,454.79713603819,477.350817046884,866.06205250597,3,CasosAcumuladosDepto.csv,26];
CasosPositivosEdades=[113.05490643413,71.026252983294,193.24583015392,488.01909307876,14,CasosPositivosEdades.csv,5];
MuertesAcumuladasDepto=[109.61815256042,280.66825775656,467.040555425769,642.67303102625,21,MuertesAcumuladasDepto.csv,26];
CasosAcumuDistrito2020P1=[94.72555244103,84.773269689737,425.79950894131,481.14558472554,77,CasosAcumuDistrito2020P1.csv,22];
CasosAcumuDistrito2020P2=[95.8711370656,482.29116945107,425.79950894131,875.22673031026,77,CasosAcumuDistrito2020P2.csv,22];
CasosAcumuDistrito2021P1=[107.32698331128,88.210023866348,438.40093981156,474.27207637232,78,CasosAcumuDistrito2021P1.csv,22];
CasosAcumuDistrito2021P2=[106.18139868672,480.0,437.25535518699,875.22673031026,78,CasosAcumuDistrito2021P2.csv,22];
MuertesAcumulaDistritoP1=[82.12412157078,116.84964200477,412.05249344648,474.27207637232,81,MuertesAcumulaDistritoP1.csv,22];
MuertesAcumulaDistritoP2=[82.12412157078,485.72792362768,415.48924732019,840.85918854415,81,MuertesAcumulaDistritoP2.csv,22];
ReportPath = D:/temporary/DGE-MINSA_Reports_2021/09_2021/;
ReportName = coronavirus110921.pdf;
Date = 2021-09-12;
