PruebasAcumuladasDepto=[102.74464481301,11.45584725537,469.331724674906,430.73985680191,3,PruebasAcumuladasDepto.csv,26];
CasosAcumuladosDepto=[103.89022943758,471.98090692124,470.477309299474,867.2076372315,3,CasosAcumuladosDepto.csv,26];
CasosPositivosEdades=[115.34607568326,88.210023866348,196.68258402762,512.07637231504,14,CasosPositivosEdades.csv,5];
MuertesAcumuladasDepto=[109.61815256042,282.95942720764,461.312632302927,635.79952267303,21,MuertesAcumuladasDepto.csv,26];
CasosAcumuDistrito2020P1=[93.57996781646,90.501193317422,428.09067819044,475.41766109785,76,CasosAcumuDistrito2020P1.csv,22];
CasosAcumuDistrito2020P2=[93.57996781646,484.58233890215,429.23626281501,867.2076372315,76,CasosAcumuDistrito2020P2.csv,22];
CasosAcumuDistrito2021P1=[93.57996781646,81.336515513126,428.09067819044,462.81622911695,77,CasosAcumuDistrito2021P1.csv,22];
CasosAcumuDistrito2021P2=[94.72555244103,482.29116945107,425.79950894131,863.77088305489,77,CasosAcumuDistrito2021P2.csv,22];
MuertesAcumulaDistritoP1=[87.85204469362,122.57756563246,422.3627550676,469.68973747017,80,MuertesAcumulaDistritoP1.csv,22];
MuertesAcumulaDistritoP2=[86.70646006905,501.7661097852,418.92600119389,828.25775656325,80,MuertesAcumulaDistritoP2.csv,22];
ReportPath = D:/temporary/DGE-MINSA_Reports_2021/08_2021/;
ReportName = coronavirus280821.pdf;
Date = 2021-08-27;
