PruebasAcumuladasDepto=[93.57996781646,5.727923627685,436.10977056242,421.57517899761,3,PruebasAcumuladasDepto.csv,26];
CasosAcumuladosDepto=[94.72555244103,468.54415274463,432.67301668872,856.89737470167,3,CasosAcumuladosDepto.csv,26];
CasosPositivosEdades=[154.29595291859,26.348448687351,234.48687663838,466.25298329356,14,CasosPositivosEdades.csv,5];
MuertesAcumuladasDepto=[116.49166030783,285.25059665871,471.622893924042,640.38186157518,21,MuertesAcumuladasDepto.csv,26];
CasosAcumuDistrito2020P1=[118.78282955697,63.007159904535,438.40093981156,468.54415274463,76,CasosAcumuDistrito2020P1.csv,22];
CasosAcumuDistrito2020P2=[118.78282955697,481.14558472554,440.692109060695,878.66348448687,76,CasosAcumuDistrito2020P2.csv,22];
CasosAcumuDistrito2021P1=[118.78282955697,60.715990453461,440.692109060695,466.25298329356,77,CasosAcumuDistrito2021P1.csv,22];
CasosAcumuDistrito2021P2=[119.92841418154,478.85441527446,440.692109060695,875.22673031026,77,CasosAcumuDistrito2021P2.csv,22];
MuertesAcumulaDistritoP1=[113.05490643413,170.69212410501,431.52743206415,449.0692124105,80,MuertesAcumulaDistritoP1.csv,22];
MuertesAcumulaDistritoP2=[111.90932180956,470.8353221957,432.67301668872,775.56085918854,80,MuertesAcumulaDistritoP2.csv,22];
ReportPath = D:/temporary/DGE-MINSA_Reports_2021/06_2021/;
ReportName = coronavirus060621.pdf;
Date = 2021-06-05;
