PruebasAcumuladasDepto=[98.16230631474,11.45584725537,475.059647797748,457.08830548926,3,PruebasAcumuladasDepto.csv,26];
CasosAcumuladosDepto=[97.01672169017,459.37947494033,475.059647797748,874.08114558473,3,CasosAcumuladosDepto.csv,26];
CasosPositivosEdades=[127.94750655352,17.183770883055,229.90453814011,559.04534606205,15,CasosPositivosEdades.csv,5];
MuertesAcumuladasDepto=[99.3078909393,0.0,481.933155545158,522.38663484487,21,MuertesAcumuladasDepto.csv,26];
CasosAcumuDistrito2020P1=[116.49166030783,57.27923627685,442.983278309832,470.8353221957,77,CasosAcumuDistrito2020P1.csv,22];
CasosAcumuDistrito2020P2=[115.34607568326,478.85441527446,442.983278309832,886.68257756563,77,CasosAcumuDistrito2020P2.csv,22];
CasosAcumuDistrito2021P1=[114.20049105869,58.424821002387,445.274447558969,462.81622911695,78,CasosAcumuDistrito2021P1.csv,22];
CasosAcumuDistrito2021P2=[114.20049105869,476.56324582339,442.983278309832,892.41050119332,78,CasosAcumuDistrito2021P2.csv,22];
MuertesAcumulaDistritoP1=[106.18139868672,182.14797136038,438.40093981156,453.65155131265,81,MuertesAcumulaDistritoP1.csv,22];
MuertesAcumulaDistritoP2=[106.18139868672,471.98090692124,436.10977056242,766.39618138425,81,MuertesAcumulaDistritoP2.csv,22];
ReportPath = D:/temporary/DGE-MINSA_Reports_2021/05_2021/;
ReportName = coronavirus070521.pdf;
Date = 2021-05-06;
