PruebasAcumuladasDepto=[93.57996781646,4.582338902148,484.224324794295,436.46778042959,3,PruebasAcumuladasDepto.csv,26];
CasosAcumuladosDepto=[91.28879856733,447.92362768496,481.933155545158,877.51789976134,3,CasosAcumuladosDepto.csv,26];
CasosPositivosEdades=[145.13127592204,22.91169451074,224.17661501726,435.32219570406,14,CasosPositivosEdades.csv,5];
MuertesAcumuladasDepto=[117.6372449324,277.23150357995,469.331724674906,638.0906921241,21,MuertesAcumuladasDepto.csv,26];
CasosAcumuDistrito2020P1=[114.20049105869,83.6276849642,445.274447558969,469.68973747017,76,CasosAcumuDistrito2020P1.csv,22];
CasosAcumuDistrito2020P2=[113.05490643413,477.70883054893,445.274447558969,866.06205250597,76,CasosAcumuDistrito2020P2.csv,22];
CasosAcumuDistrito2021P1=[114.20049105869,84.773269689737,446.420032183537,466.25298329356,77,CasosAcumuDistrito2021P1.csv,22];
CasosAcumuDistrito2021P2=[113.05490643413,478.85441527446,445.274447558969,859.18854415274,77,CasosAcumuDistrito2021P2.csv,22];
MuertesAcumulaDistritoP1=[111.90932180956,170.69212410501,431.52743206415,442.19570405728,80,MuertesAcumulaDistritoP1.csv,22];
MuertesAcumulaDistritoP2=[111.90932180956,470.8353221957,432.67301668872,773.26968973747,80,MuertesAcumulaDistritoP2.csv,22];
ReportPath = D:/temporary/DGE-MINSA_Reports_2021/06_2021/;
ReportName = coronavirus230621.pdf;
Date = 2021-06-22;
