PruebasAcumuladasDepto=[98.16230631474,12.601431980907,476.205232422316,457.08830548926,3,PruebasAcumuladasDepto.csv,26];
CasosAcumuladosDepto=[97.01672169017,462.81622911695,478.496401671453,867.2076372315,3,CasosAcumuladosDepto.csv,26];
CasosPositivosEdades=[129.09309117808,17.183770883055,228.75895351554,559.04534606205,15,CasosPositivosEdades.csv,5];
MuertesAcumuladasDepto=[100.45347556387,0.0,489.952247917137,529.26014319809,21,MuertesAcumuladasDepto.csv,26];
CasosAcumuDistrito2020P1=[103.89022943758,27.494033412888,457.875878429221,465.10739856802,77,CasosAcumuDistrito2020P1.csv,22];
CasosAcumuDistrito2020P2=[103.89022943758,476.56324582339,456.730293804653,911.88544152745,77,CasosAcumuDistrito2020P2.csv,22];
CasosAcumuDistrito2021P1=[106.18139868672,34.36754176611,454.439124555516,462.81622911695,78,CasosAcumuDistrito2021P1.csv,22];
CasosAcumuDistrito2021P2=[106.18139868672,481.14558472554,454.439124555516,909.59427207637,78,CasosAcumuDistrito2021P2.csv,22];
MuertesAcumulaDistritoP1=[106.18139868672,182.14797136038,437.25535518699,455.94272076372,81,MuertesAcumulaDistritoP1.csv,22];
MuertesAcumulaDistritoP2=[106.18139868672,467.39856801909,434.96418593785,773.26968973747,81,MuertesAcumulaDistritoP2.csv,22];
ReportPath = D:/temporary/DGE-MINSA_Reports_2021/04_2021/;
ReportName = coronavirus210421.pdf;
Date = 2021-04-20;
