PruebasAcumuladasDepto=[99.3078909393,16.038186157518,476.205232422316,413.55608591885,3,PruebasAcumuladasDepto.csv,26];
CasosAcumuladosDepto=[98.16230631474,468.54415274463,473.914063173179,860.33412887828,3,CasosAcumuladosDepto.csv,26];
CasosPositivosEdades=[149.71361442032,22.91169451074,233.34129201381,436.46778042959,14,CasosPositivosEdades.csv,5];
MuertesAcumuladasDepto=[108.47256793585,286.39618138425,464.749386176632,632.36276849642,22,MuertesAcumuladasDepto.csv,26];
CasosAcumuDistrito2020P1=[111.90932180956,83.6276849642,446.420032183537,469.68973747017,77,CasosAcumuDistrito2020P1.csv,22];
CasosAcumuDistrito2020P2=[114.20049105869,476.56324582339,446.420032183537,866.06205250597,77,CasosAcumuDistrito2020P2.csv,22];
CasosAcumuDistrito2021P1=[110.76373718499,83.6276849642,448.711201432674,471.98090692124,78,CasosAcumuDistrito2021P1.csv,22];
CasosAcumuDistrito2021P2=[115.34607568326,480.0,446.420032183537,862.62529832936,78,CasosAcumuDistrito2021P2.csv,22];
MuertesAcumulaDistritoP1=[106.18139868672,131.74224343675,438.40093981156,441.05011933174,81,MuertesAcumulaDistritoP1.csv,22];
MuertesAcumulaDistritoP2=[106.18139868672,473.12649164678,438.40093981156,809.92840095465,81,MuertesAcumulaDistritoP2.csv,22];
ReportPath = D:/temporary/DGE-MINSA_Reports_2021/09_2021/;
ReportName = coronavirus230921.pdf;
Date = 2021-09-24;
