PruebasAcumuladasDepto=[102.74464481301,8.0190930787589,487.661078668,435.32219570406,3,PruebasAcumuladasDepto.csv,26];
CasosAcumuladosDepto=[103.89022943758,452.50596658711,487.661078668,874.08114558473,3,CasosAcumuladosDepto.csv,26];
CasosPositivosEdades=[115.34607568326,80.190930787589,195.53699940305,501.7661097852,14,CasosPositivosEdades.csv,5];
MuertesAcumuladasDepto=[109.61815256042,286.39618138425,461.312632302927,632.36276849642,22,MuertesAcumuladasDepto.csv,26];
CasosAcumuDistrito2020P1=[92.43438319189,88.210023866348,425.79950894131,471.98090692124,77,CasosAcumuDistrito2020P1.csv,22];
CasosAcumuDistrito2020P2=[94.72555244103,480.0,425.79950894131,870.64439140811,77,CasosAcumuDistrito2020P2.csv,22];
CasosAcumuDistrito2021P1=[92.43438319189,85.918854415274,426.94509356587,468.54415274463,78,CasosAcumuDistrito2021P1.csv,22];
CasosAcumuDistrito2021P2=[93.57996781646,481.14558472554,428.09067819044,863.77088305489,78,CasosAcumuDistrito2021P2.csv,22];
MuertesAcumulaDistritoP1=[93.57996781646,132.88782816229,428.09067819044,438.75894988067,81,MuertesAcumulaDistritoP1.csv,22];
MuertesAcumulaDistritoP2=[93.57996781646,473.12649164678,420.07158581846,803.05489260143,81,MuertesAcumulaDistritoP2.csv,22];
ReportPath = D:/temporary/DGE-MINSA_Reports_2021/09_2021/;
ReportName = coronavirus180921.pdf;
Date = 2021-09-19;
