PruebasAcumuladasDepto=[93.57996781646,33.221957040573,431.52743206415,442.19570405728,3,PruebasAcumuladasDepto.csv,26];
CasosAcumuladosDepto=[92.43438319189,473.12649164678,426.94509356587,855.75178997613,3,CasosAcumuladosDepto.csv,26];
CasosPositivosEdades=[139.4033527992,21.766109785203,217.30310726985,457.08830548926,14,CasosPositivosEdades.csv,5];
MuertesAcumuladasDepto=[109.61815256042,285.25059665871,462.458216927495,633.50835322196,22,MuertesAcumuladasDepto.csv,26];
CasosAcumuDistrito2020P1=[117.6372449324,208.49642004773,438.40093981156,457.08830548926,77,CasosAcumuDistrito2020P1.csv,22];
CasosAcumuDistrito2020P2=[117.6372449324,465.10739856802,439.54652443613,736.61097852029,77,CasosAcumuDistrito2020P2.csv,22];
CasosAcumuDistrito2021P1=[118.78282955697,210.78758949881,441.837693685263,451.36038186158,78,CasosAcumuDistrito2021P1.csv,22];
CasosAcumuDistrito2021P2=[117.6372449324,468.54415274463,439.54652443613,738.90214797136,78,CasosAcumuDistrito2021P2.csv,22];
MuertesAcumulaDistritoP1=[111.90932180956,112.26730310263,431.52743206415,433.03102625298,81,MuertesAcumulaDistritoP1.csv,22];
MuertesAcumulaDistritoP2=[110.76373718499,470.8353221957,431.52743206415,829.40334128878,81,MuertesAcumulaDistritoP2.csv,22];
ReportPath = D:/temporary/DGE-MINSA_Reports_2021/10_2021/;
ReportName = coronavirus061021.pdf;
Date = 2021-10-07;
