PruebasAcumuladasDepto=[101.59906018844,24.057279236277,465.8949708012,429.59427207637,3,PruebasAcumuladasDepto.csv,26];
CasosAcumuladosDepto=[102.74464481301,478.85441527446,463.603801552063,859.18854415274,3,CasosAcumuladosDepto.csv,26];
CasosPositivosEdades=[141.69452204834,19.474940334129,224.17661501726,443.34128878282,14,CasosPositivosEdades.csv,5];
MuertesAcumuladasDepto=[107.32698331128,285.25059665871,461.312632302927,640.38186157518,21,MuertesAcumuladasDepto.csv,26];
CasosAcumuDistrito2020P1=[114.20049105869,81.336515513126,445.274447558969,470.8353221957,76,CasosAcumuDistrito2020P1.csv,22];
CasosAcumuDistrito2020P2=[111.90932180956,481.14558472554,445.274447558969,858.04295942721,76,CasosAcumuDistrito2020P2.csv,22];
CasosAcumuDistrito2021P1=[113.05490643413,83.6276849642,445.274447558969,465.10739856802,77,CasosAcumuDistrito2021P1.csv,22];
CasosAcumuDistrito2021P2=[111.90932180956,480.0,445.274447558969,856.89737470167,77,CasosAcumuDistrito2021P2.csv,22];
MuertesAcumulaDistritoP1=[110.76373718499,98.520286396181,433.81860131328,455.94272076372,80,MuertesAcumulaDistritoP1.csv,22];
MuertesAcumulaDistritoP2=[110.76373718499,489.1646778043,431.52743206415,831.69451073986,80,MuertesAcumulaDistritoP2.csv,22];
ReportPath = D:/temporary/DGE-MINSA_Reports_2021/08_2021/;
ReportName = coronavirus250821.pdf;
Date = 2021-08-24;
