PruebasAcumuladasDepto=[98.16230631474,17.183770883055,467.040555425769,426.15751789976,3,PruebasAcumuladasDepto.csv,26];
CasosAcumuladosDepto=[97.01672169017,470.8353221957,465.8949708012,879.80906921241,3,CasosAcumuladosDepto.csv,26];
CasosPositivosEdades=[134.82101430093,17.183770883055,217.30310726985,433.03102625298,14,CasosPositivosEdades.csv,5];
MuertesAcumuladasDepto=[109.61815256042,281.8138424821,464.749386176632,638.0906921241,21,MuertesAcumuladasDepto.csv,26];
CasosAcumuDistrito2020P1=[114.20049105869,80.190930787589,445.274447558969,469.68973747017,77,CasosAcumuDistrito2020P1.csv,22];
CasosAcumuDistrito2020P2=[113.05490643413,482.29116945107,444.1288629344,863.77088305489,77,CasosAcumuDistrito2020P2.csv,22];
CasosAcumuDistrito2021P1=[93.57996781646,80.190930787589,426.94509356587,467.39856801909,78,CasosAcumuDistrito2021P1.csv,22];
CasosAcumuDistrito2021P2=[94.72555244103,481.14558472554,428.09067819044,862.62529832936,78,CasosAcumuDistrito2021P2.csv,22];
MuertesAcumulaDistritoP1=[80.97853694621,119.14081145585,413.19807807105,459.37947494033,81,MuertesAcumulaDistritoP1.csv,22];
MuertesAcumulaDistritoP2=[82.12412157078,489.1646778043,413.19807807105,827.11217183771,81,MuertesAcumulaDistritoP2.csv,22];
ReportPath = D:/temporary/DGE-MINSA_Reports_2021/08_2021/;
ReportName = coronavirus050821.pdf;
Date = 2021-08-05;
