PruebasAcumuladasDepto=[101.59906018844,13.747016706444,446.420032183537,420.42959427208,3,PruebasAcumuladasDepto.csv,26];
CasosAcumuladosDepto=[98.16230631474,465.10739856802,445.274447558969,864.91646778043,3,CasosAcumuladosDepto.csv,26];
CasosPositivosEdades=[139.4033527992,24.057279236277,218.44869189442,445.63245823389,14,CasosPositivosEdades.csv,5];
MuertesAcumuladasDepto=[117.6372449324,279.52267303103,473.914063173179,636.94510739857,21,MuertesAcumuladasDepto.csv,26];
CasosAcumuDistrito2020P1=[84.41529081992,84.773269689737,405.17898569907,486.87350835322,76,CasosAcumuDistrito2020P1.csv,22];
CasosAcumuDistrito2020P2=[85.56087544448,500.62052505967,405.17898569907,895.84725536993,76,CasosAcumuDistrito2020P2.csv,22];
CasosAcumuDistrito2021P1=[118.78282955697,66.443914081146,439.54652443613,468.54415274463,77,CasosAcumuDistrito2021P1.csv,22];
CasosAcumuDistrito2021P2=[117.6372449324,483.43675417661,439.54652443613,875.22673031026,77,CasosAcumuDistrito2021P2.csv,22];
MuertesAcumulaDistritoP1=[111.90932180956,100.81145584726,431.52743206415,459.37947494033,80,MuertesAcumulaDistritoP1.csv,22];
MuertesAcumulaDistritoP2=[111.90932180956,491.45584725537,432.67301668872,847.73269689737,80,MuertesAcumulaDistritoP2.csv,22];
ReportPath = D:/temporary/DGE-MINSA_Reports_2021/08_2021/;
ReportName = coronavirus010821.pdf;
Date = 2021-07-31;
