PruebasAcumuladasDepto=[92.43438319189,124.86873508353,473.914063173179,411.26491646778,3,PruebasAcumuladasDepto.csv,26];
CasosAcumuladosDepto=[97.01672169017,557.89976133652,463.603801552063,817.94749403341,3,CasosAcumuladosDepto.csv,26];
CasosPositivosEdades=[145.13127592204,24.057279236277,225.32219964183,460.52505966587,14,CasosPositivosEdades.csv,5];
MuertesAcumuladasDepto=[107.32698331128,266.92124105012,465.8949708012,616.3245823389,21,MuertesAcumuladasDepto.csv,26];
CasosAcumuDistrito2020P1=[117.6372449324,59.570405727924,441.837693685263,460.52505966587,76,CasosAcumuDistrito2020P1.csv,22];
CasosAcumuDistrito2020P2=[116.49166030783,480.0,438.40093981156,877.51789976134,76,CasosAcumuDistrito2020P2.csv,22];
CasosAcumuDistrito2021P1=[117.6372449324,68.73508353222,439.54652443613,467.39856801909,77,CasosAcumuDistrito2021P1.csv,22];
CasosAcumuDistrito2021P2=[117.6372449324,480.0,440.692109060695,876.3723150358,77,CasosAcumuDistrito2021P2.csv,22];
MuertesAcumulaDistritoP1=[113.05490643413,97.374701670644,432.67301668872,452.50596658711,80,MuertesAcumulaDistritoP1.csv,22];
MuertesAcumulaDistritoP2=[111.90932180956,486.87350835322,432.67301668872,844.29594272076,80,MuertesAcumulaDistritoP2.csv,22];
ReportPath = D:/temporary/DGE-MINSA_Reports_2021/08_2021/;
ReportName = coronavirus180821.pdf;
Date = 2021-08-17;
