PruebasAcumuladasDepto=[97.01672169017,10.310262529833,478.496401671453,429.59427207637,3,PruebasAcumuladasDepto.csv,26];
CasosAcumuladosDepto=[97.01672169017,452.50596658711,477.350817046884,862.62529832936,3,CasosAcumuladosDepto.csv,26];
CasosPositivosEdades=[119.92841418154,20.620525059666,224.17661501726,556.75417661098,15,CasosPositivosEdades.csv,5];
MuertesAcumuladasDepto=[101.59906018844,0.0,492.243417166274,538.42482100239,21,MuertesAcumuladasDepto.csv,26];
CasosAcumuDistrito2020P1=[114.20049105869,87.064439140811,446.420032183537,465.10739856802,77,CasosAcumuDistrito2020P1.csv,22];
CasosAcumuDistrito2020P2=[115.34607568326,480.0,445.274447558969,860.33412887828,77,CasosAcumuDistrito2020P2.csv,22];
CasosAcumuDistrito2021P1=[113.05490643413,84.773269689737,446.420032183537,466.25298329356,78,CasosAcumuDistrito2021P1.csv,22];
CasosAcumuDistrito2021P2=[114.20049105869,480.0,446.420032183537,855.75178997613,78,CasosAcumuDistrito2021P2.csv,22];
MuertesAcumulaDistritoP1=[107.32698331128,182.14797136038,436.10977056242,443.34128878282,81,MuertesAcumulaDistritoP1.csv,22];
MuertesAcumulaDistritoP2=[106.18139868672,469.68973747017,437.25535518699,759.52267303103,81,MuertesAcumulaDistritoP2.csv,22];
ReportPath = D:/temporary/DGE-MINSA_Reports_2021/05_2021/;
ReportName = coronavirus180521.pdf;
Date = 2021-05-17;
