PruebasAcumuladasDepto=[98.16230631474,25.202863961814,461.312632302927,421.57517899761,3,PruebasAcumuladasDepto.csv,26];
CasosAcumuladosDepto=[94.72555244103,471.98090692124,460.167047678358,862.62529832936,3,CasosAcumuladosDepto.csv,26];
CasosPositivosEdades=[149.71361442032,18.329355608592,231.05012276467,436.46778042959,14,CasosPositivosEdades.csv,5];
MuertesAcumuladasDepto=[109.61815256042,281.8138424821,461.312632302927,631.21718377088,21,MuertesAcumuladasDepto.csv,26];
CasosAcumuDistrito2020P1=[113.05490643413,82.482100238663,446.420032183537,473.12649164678,76,CasosAcumuDistrito2020P1.csv,22];
CasosAcumuDistrito2020P2=[113.05490643413,480.0,447.565616808105,864.91646778043,76,CasosAcumuDistrito2020P2.csv,22];
CasosAcumuDistrito2021P1=[113.05490643413,83.6276849642,444.1288629344,467.39856801909,77,CasosAcumuDistrito2021P1.csv,22];
CasosAcumuDistrito2021P2=[114.20049105869,480.0,447.565616808105,856.89737470167,77,CasosAcumuDistrito2021P2.csv,22];
MuertesAcumulaDistritoP1=[106.18139868672,115.70405727924,440.692109060695,460.52505966587,80,MuertesAcumulaDistritoP1.csv,22];
MuertesAcumulaDistritoP2=[106.18139868672,490.31026252983,437.25535518699,815.65632458234,80,MuertesAcumulaDistritoP2.csv,22];
ReportPath = D:/temporary/DGE-MINSA_Reports_2021/08_2021/;
ReportName = coronavirus160821.pdf;
Date = 2021-08-15;
