PruebasAcumuladasDepto=[97.01672169017,14.892601431981,478.496401671453,433.03102625298,3,PruebasAcumuladasDepto.csv,26];
CasosAcumuladosDepto=[93.57996781646,449.0692124105,476.205232422316,856.89737470167,3,CasosAcumuladosDepto.csv,26];
CasosPositivosEdades=[129.09309117808,22.91169451074,210.42959952244,434.17661097852,14,CasosPositivosEdades.csv,5];
MuertesAcumuladasDepto=[98.16230631474,0.0,491.097832541706,543.00715990453,19,MuertesAcumuladasDepto.csv,26];
CasosAcumuDistrito2020P1=[114.20049105869,83.6276849642,446.420032183537,478.85441527446,75,CasosAcumuDistrito2020P1.csv,22];
CasosAcumuDistrito2020P2=[113.05490643413,478.85441527446,444.1288629344,872.93556085919,75,CasosAcumuDistrito2020P2.csv,22];
CasosAcumuDistrito2021P1=[115.34607568326,80.190930787589,447.565616808105,475.41766109785,76,CasosAcumuDistrito2021P1.csv,22];
CasosAcumuDistrito2021P2=[114.20049105869,478.85441527446,444.1288629344,872.93556085919,76,CasosAcumuDistrito2021P2.csv,22];
MuertesAcumulaDistritoP1=[106.18139868672,183.29355608592,437.25535518699,457.08830548926,79,MuertesAcumulaDistritoP1.csv,22];
MuertesAcumulaDistritoP2=[107.32698331128,465.10739856802,437.25535518699,774.41527446301,79,MuertesAcumulaDistritoP2.csv,22];
ReportPath = D:/temporary/DGE-MINSA_Reports_2021/05_2021/;
ReportName = coronavirus240521.pdf;
Date = 2021-05-23;
