PruebasAcumuladasDepto=[98.16230631474,11.45584725537,471.622893924042,428.44868735084,3,PruebasAcumuladasDepto.csv,26];
CasosAcumuladosDepto=[97.01672169017,442.19570405728,477.350817046884,848.87828162291,3,CasosAcumuladosDepto.csv,26];
CasosPositivosEdades=[123.36516805524,20.620525059666,227.61336889097,557.89976133652,15,CasosPositivosEdades.csv,5];
MuertesAcumuladasDepto=[99.3078909393,0.0,483.078740169727,531.55131264916,21,MuertesAcumuladasDepto.csv,26];
CasosAcumuDistrito2020P1=[113.05490643413,85.918854415274,445.274447558969,469.68973747017,77,CasosAcumuDistrito2020P1.csv,22];
CasosAcumuDistrito2020P2=[113.05490643413,480.0,445.274447558969,863.77088305489,77,CasosAcumuDistrito2020P2.csv,22];
CasosAcumuDistrito2021P1=[114.20049105869,85.918854415274,445.274447558969,467.39856801909,78,CasosAcumuDistrito2021P1.csv,22];
CasosAcumuDistrito2021P2=[113.05490643413,477.70883054893,445.274447558969,870.64439140811,78,CasosAcumuDistrito2021P2.csv,22];
MuertesAcumulaDistritoP1=[107.32698331128,182.14797136038,438.40093981156,449.0692124105,81,MuertesAcumulaDistritoP1.csv,22];
MuertesAcumulaDistritoP2=[107.32698331128,470.8353221957,437.25535518699,758.37708830549,81,MuertesAcumulaDistritoP2.csv,22];
ReportPath = D:/temporary/DGE-MINSA_Reports_2021/05_2021/;
ReportName = coronavirus170521.pdf;
Date = 2021-05-16;
