PruebasAcumuladasDepto=[98.16230631474,12.601431980907,471.622893924042,433.03102625298,3,PruebasAcumuladasDepto.csv,26];
CasosAcumuladosDepto=[97.01672169017,452.50596658711,472.768478548611,862.62529832936,3,CasosAcumuladosDepto.csv,26];
CasosPositivosEdades=[122.21958343067,66.443914081146,202.41050715046,486.87350835322,14,CasosPositivosEdades.csv,5];
MuertesAcumuladasDepto=[108.47256793585,289.83293556086,461.312632302927,636.94510739857,21,MuertesAcumuladasDepto.csv,26];
CasosAcumuDistrito2020P1=[100.45347556387,89.355608591885,431.52743206415,468.54415274463,76,CasosAcumuDistrito2020P1.csv,22];
CasosAcumuDistrito2020P2=[100.45347556387,488.01909307876,431.52743206415,867.2076372315,76,CasosAcumuDistrito2020P2.csv,22];
CasosAcumuDistrito2021P1=[95.8711370656,83.6276849642,425.79950894131,469.68973747017,77,CasosAcumuDistrito2021P1.csv,22];
CasosAcumuDistrito2021P2=[95.8711370656,481.14558472554,426.94509356587,860.33412887828,77,CasosAcumuDistrito2021P2.csv,22];
MuertesAcumulaDistritoP1=[82.12412157078,127.15990453461,414.34366269562,466.25298329356,80,MuertesAcumulaDistritoP1.csv,22];
MuertesAcumulaDistritoP2=[80.97853694621,500.62052505967,413.19807807105,832.84009546539,80,MuertesAcumulaDistritoP2.csv,22];
ReportPath = D:/temporary/DGE-MINSA_Reports_2021/08_2021/;
ReportName = coronavirus140821.pdf;
Date = 2021-08-13;
