PruebasAcumuladasDepto=[97.01672169017,13.747016706444,476.205232422316,458.2338902148,3,PruebasAcumuladasDepto.csv,26];
CasosAcumuladosDepto=[95.8711370656,470.8353221957,476.205232422316,875.22673031026,3,CasosAcumuladosDepto.csv,26];
CasosPositivosEdades=[127.94750655352,22.91169451074,228.75895351554,557.89976133652,15,CasosPositivosEdades.csv,5];
MuertesAcumuladasDepto=[100.45347556387,0.0,493.389001790842,530.40572792363,21,MuertesAcumuladasDepto.csv,26];
CasosAcumuDistrito2020P1=[107.32698331128,38.949880668258,453.293539930948,473.12649164678,77,CasosAcumuDistrito2020P1.csv,22];
CasosAcumuDistrito2020P2=[107.32698331128,481.14558472554,453.293539930948,910.73985680191,77,CasosAcumuDistrito2020P2.csv,22];
CasosAcumuDistrito2021P1=[108.47256793585,38.949880668258,452.147955306379,476.56324582339,78,CasosAcumuDistrito2021P1.csv,22];
CasosAcumuDistrito2021P2=[108.47256793585,480.0,451.002370681811,911.88544152745,78,CasosAcumuDistrito2021P2.csv,22];
MuertesAcumulaDistritoP1=[106.18139868672,181.00238663484,437.25535518699,457.08830548926,81,MuertesAcumulaDistritoP1.csv,22];
MuertesAcumulaDistritoP2=[106.18139868672,469.68973747017,437.25535518699,774.41527446301,81,MuertesAcumulaDistritoP2.csv,22];
ReportPath = D:/temporary/DGE-MINSA_Reports_2021/04_2021/;
ReportName = coronavirus230421.pdf;
Date = 2021-04-22;
