PruebasAcumuladasDepto=[94.72555244103,14.892601431981,467.040555425769,426.15751789976,3,PruebasAcumuladasDepto.csv,26];
CasosAcumuladosDepto=[95.8711370656,450.21479713604,465.8949708012,850.02386634845,3,CasosAcumuladosDepto.csv,26];
CasosPositivosEdades=[122.21958343067,20.620525059666,202.41050715046,441.05011933174,14,CasosPositivosEdades.csv,5];
MuertesAcumuladasDepto=[116.49166030783,287.54176610979,471.622893924042,643.81861575179,21,MuertesAcumuladasDepto.csv,26];
CasosAcumuDistrito2020P1=[114.20049105869,83.6276849642,446.420032183537,473.12649164678,76,CasosAcumuDistrito2020P1.csv,22];
CasosAcumuDistrito2020P2=[113.05490643413,478.85441527446,444.1288629344,863.77088305489,76,CasosAcumuDistrito2020P2.csv,22];
CasosAcumuDistrito2021P1=[113.05490643413,83.6276849642,446.420032183537,466.25298329356,77,CasosAcumuDistrito2021P1.csv,22];
CasosAcumuDistrito2021P2=[114.20049105869,480.0,445.274447558969,862.62529832936,77,CasosAcumuDistrito2021P2.csv,22];
MuertesAcumulaDistritoP1=[74.1050291988,182.14797136038,425.79950894131,474.27207637232,80,MuertesAcumulaDistritoP1.csv,22];
MuertesAcumulaDistritoP2=[74.1050291988,485.72792362768,424.65392431674,801.9093078759,80,MuertesAcumulaDistritoP2.csv,22];
ReportPath = D:/temporary/DGE-MINSA_Reports_2021/06_2021/;
ReportName = coronavirus190621.pdf;
Date = 2021-06-20;
