PruebasAcumuladasDepto=[95.8711370656,97.374701670644,475.059647797748,396.3723150358,3,PruebasAcumuladasDepto.csv,26];
CasosAcumuladosDepto=[91.28879856733,561.33651551313,477.350817046884,913.03102625298,3,CasosAcumuladosDepto.csv,26];
CasosPositivosEdades=[146.27686054661,19.474940334129,226.4677842664,454.79713603819,14,CasosPositivosEdades.csv,5];
MuertesAcumuladasDepto=[108.47256793585,278.37708830549,462.458216927495,638.0906921241,22,MuertesAcumuladasDepto.csv,26];
CasosAcumuDistrito2020P1=[118.78282955697,97.374701670644,442.983278309832,449.0692124105,77,CasosAcumuDistrito2020P1.csv,22];
CasosAcumuDistrito2020P2=[119.92841418154,459.37947494033,438.40093981156,858.04295942721,77,CasosAcumuDistrito2020P2.csv,22];
CasosAcumuDistrito2021P1=[117.6372449324,95.08353221957,441.837693685263,457.08830548926,78,CasosAcumuDistrito2021P1.csv,22];
CasosAcumuDistrito2021P2=[117.6372449324,460.52505966587,440.692109060695,856.89737470167,78,CasosAcumuDistrito2021P2.csv,22];
MuertesAcumulaDistritoP1=[106.18139868672,128.30548926014,438.40093981156,460.52505966587,81,MuertesAcumulaDistritoP1.csv,22];
MuertesAcumulaDistritoP2=[106.18139868672,473.12649164678,437.25535518699,824.82100238663,81,MuertesAcumulaDistritoP2.csv,22];
ReportPath = D:/temporary/DGE-MINSA_Reports_2021/10_2021/;
ReportName = coronavirus261021.pdf;
Date = 2021-10-27;
