PruebasAcumuladasDepto=[99.3078909393,41.241050119332,467.040555425769,423.86634844869,3,PruebasAcumuladasDepto.csv,26];
CasosAcumuladosDepto=[97.01672169017,491.45584725537,465.8949708012,864.91646778043,3,CasosAcumuladosDepto.csv,26];
CasosPositivosEdades=[147.42244517118,17.183770883055,224.17661501726,458.2338902148,14,CasosPositivosEdades.csv,5];
MuertesAcumuladasDepto=[108.47256793585,282.95942720764,460.167047678358,635.79952267303,22,MuertesAcumuladasDepto.csv,26];
CasosAcumuDistrito2020P1=[118.78282955697,58.424821002387,441.837693685263,465.10739856802,77,CasosAcumuDistrito2020P1.csv,22];
CasosAcumuDistrito2020P2=[118.78282955697,477.70883054893,438.40093981156,893.55608591885,77,CasosAcumuDistrito2020P2.csv,22];
CasosAcumuDistrito2021P1=[118.78282955697,66.443914081146,442.983278309832,467.39856801909,78,CasosAcumuDistrito2021P1.csv,22];
CasosAcumuDistrito2021P2=[116.49166030783,478.85441527446,439.54652443613,886.68257756563,78,CasosAcumuDistrito2021P2.csv,22];
MuertesAcumulaDistritoP1=[111.90932180956,111.12171837709,433.81860131328,450.21479713604,81,MuertesAcumulaDistritoP1.csv,22];
MuertesAcumulaDistritoP2=[110.76373718499,473.12649164678,431.52743206415,833.98568019093,81,MuertesAcumulaDistritoP2.csv,22];
ReportPath = D:/temporary/DGE-MINSA_Reports_2021/10_2021/;
ReportName = coronavirus241021.pdf;
Date = 2021-10-25;
