PruebasAcumuladasDepto=[92.43438319189,33.221957040573,431.52743206415,439.90453460621,3,PruebasAcumuladasDepto.csv,26];
CasosAcumuladosDepto=[92.43438319189,480.0,429.23626281501,856.89737470167,3,CasosAcumuladosDepto.csv,26];
CasosPositivosEdades=[138.25776817463,20.620525059666,217.30310726985,458.2338902148,14,CasosPositivosEdades.csv,5];
MuertesAcumuladasDepto=[108.47256793585,287.54176610979,461.312632302927,630.07159904535,22,MuertesAcumuladasDepto.csv,26];
CasosAcumuDistrito2020P1=[117.6372449324,206.20525059666,440.692109060695,468.54415274463,77,CasosAcumuDistrito2020P1.csv,22];
CasosAcumuDistrito2020P2=[118.78282955697,467.39856801909,438.40093981156,750.35799522673,77,CasosAcumuDistrito2020P2.csv,22];
CasosAcumuDistrito2021P1=[119.92841418154,214.22434367542,441.837693685263,449.0692124105,78,CasosAcumuDistrito2021P1.csv,22];
CasosAcumuDistrito2021P2=[117.6372449324,467.39856801909,438.40093981156,728.59188544153,78,CasosAcumuDistrito2021P2.csv,22];
MuertesAcumulaDistritoP1=[109.61815256042,116.84964200477,431.52743206415,431.88544152745,81,MuertesAcumulaDistritoP1.csv,22];
MuertesAcumulaDistritoP2=[109.61815256042,474.27207637232,432.67301668872,812.21957040573,81,MuertesAcumulaDistritoP2.csv,22];
ReportPath = D:/temporary/DGE-MINSA_Reports_2021/10_2021/;
ReportName = coronavirus061021.pdf;
Date = 2021-10-06;
