PruebasAcumuladasDepto=[97.01672169017,8.0190930787589,476.205232422316,435.32219570406,3,PruebasAcumuladasDepto.csv,26];
CasosAcumuladosDepto=[97.01672169017,459.37947494033,477.350817046884,856.89737470167,3,CasosAcumuladosDepto.csv,26];
CasosPositivosEdades=[123.36516805524,20.620525059666,227.61336889097,559.04534606205,14,CasosPositivosEdades.csv,5];
MuertesAcumuladasDepto=[98.16230631474,0.0,489.952247917137,543.00715990453,20,MuertesAcumuladasDepto.csv,26];
CasosAcumuDistrito2020P1=[114.20049105869,80.190930787589,446.420032183537,469.68973747017,76,CasosAcumuDistrito2020P1.csv,22];
CasosAcumuDistrito2020P2=[114.20049105869,480.0,446.420032183537,859.18854415274,76,CasosAcumuDistrito2020P2.csv,22];
CasosAcumuDistrito2021P1=[113.05490643413,80.190930787589,445.274447558969,471.98090692124,77,CasosAcumuDistrito2021P1.csv,22];
CasosAcumuDistrito2021P2=[113.05490643413,478.85441527446,444.1288629344,862.62529832936,77,CasosAcumuDistrito2021P2.csv,22];
MuertesAcumulaDistritoP1=[107.32698331128,182.14797136038,438.40093981156,453.65155131265,80,MuertesAcumulaDistritoP1.csv,22];
MuertesAcumulaDistritoP2=[107.32698331128,469.68973747017,437.25535518699,765.25059665871,80,MuertesAcumulaDistritoP2.csv,22];
ReportPath = D:/temporary/DGE-MINSA_Reports_2021/05_2021/;
ReportName = coronavirus190521.pdf;
Date = 2021-05-19;
