PruebasAcumuladasDepto=[94.72555244103,10.310262529833,478.496401671453,430.73985680191,3,PruebasAcumuladasDepto.csv,26];
CasosAcumuladosDepto=[94.72555244103,445.63245823389,477.350817046884,866.06205250597,3,CasosAcumuladosDepto.csv,26];
CasosPositivosEdades=[124.51075267981,14.892601431981,228.75895351554,561.33651551313,15,CasosPositivosEdades.csv,5];
MuertesAcumuladasDepto=[100.45347556387,0.0,491.097832541706,530.40572792363,21,MuertesAcumuladasDepto.csv,26];
CasosAcumuDistrito2020P1=[97.01672169017,41.241050119332,464.749386176632,471.98090692124,77,CasosAcumuDistrito2020P1.csv,22];
CasosAcumuDistrito2020P2=[97.01672169017,481.14558472554,464.749386176632,908.44868735084,77,CasosAcumuDistrito2020P2.csv,22];
CasosAcumuDistrito2021P1=[97.01672169017,40.095465393795,462.458216927495,463.96181384248,78,CasosAcumuDistrito2021P1.csv,22];
CasosAcumuDistrito2021P2=[95.8711370656,477.70883054893,461.312632302927,899.28400954654,78,CasosAcumuDistrito2021P2.csv,22];
MuertesAcumulaDistritoP1=[107.32698331128,183.29355608592,437.25535518699,450.21479713604,81,MuertesAcumulaDistritoP1.csv,22];
MuertesAcumulaDistritoP2=[106.18139868672,467.39856801909,438.40093981156,765.25059665871,81,MuertesAcumulaDistritoP2.csv,22];
ReportPath = D:/temporary/DGE-MINSA_Reports_2021/04_2021/;
ReportName = coronavirus150421.pdf;
Date = 2021-04-14;
