PruebasAcumuladasDepto=[93.57996781646,12.601431980907,465.8949708012,429.59427207637,3,PruebasAcumuladasDepto.csv,26];
CasosAcumuladosDepto=[93.57996781646,458.2338902148,467.040555425769,860.33412887828,3,CasosAcumuladosDepto.csv,26];
CasosPositivosEdades=[116.49166030783,85.918854415274,194.39141477848,494.89260143198,14,CasosPositivosEdades.csv,5];
MuertesAcumuladasDepto=[108.47256793585,284.10501193317,463.603801552063,633.50835322196,21,MuertesAcumuladasDepto.csv,26];
CasosAcumuDistrito2020P1=[100.45347556387,92.792362768496,431.52743206415,468.54415274463,76,CasosAcumuDistrito2020P1.csv,22];
CasosAcumuDistrito2020P2=[100.45347556387,488.01909307876,431.52743206415,872.93556085919,76,CasosAcumuDistrito2020P2.csv,22];
CasosAcumuDistrito2021P1=[93.57996781646,82.482100238663,424.65392431674,463.96181384248,77,CasosAcumuDistrito2021P1.csv,22];
CasosAcumuDistrito2021P2=[95.8711370656,481.14558472554,426.94509356587,866.06205250597,77,CasosAcumuDistrito2021P2.csv,22];
MuertesAcumulaDistritoP1=[80.97853694621,124.86873508353,414.34366269562,462.81622911695,80,MuertesAcumulaDistritoP1.csv,22];
MuertesAcumulaDistritoP2=[80.97853694621,493.74701670644,414.34366269562,825.96658711217,80,MuertesAcumulaDistritoP2.csv,22];
ReportPath = D:/temporary/DGE-MINSA_Reports_2021/07_2021/;
ReportName = coronavirus240721.pdf;
Date = 2021-07-23;
