PruebasAcumuladasDepto=[97.01672169017,3.436754176611,462.458216927495,438.75894988067,3,PruebasAcumuladasDepto.csv,26];
CasosAcumuladosDepto=[94.72555244103,445.63245823389,462.458216927495,874.08114558473,3,CasosAcumuladosDepto.csv,26];
CasosPositivosEdades=[133.67542967636,25.202863961814,212.72076877158,454.79713603819,14,CasosPositivosEdades.csv,5];
MuertesAcumuladasDepto=[117.6372449324,288.68735083532,470.477309299474,648.40095465394,21,MuertesAcumuladasDepto.csv,26];
CasosAcumuDistrito2020P1=[118.78282955697,63.007159904535,439.54652443613,474.27207637232,76,CasosAcumuDistrito2020P1.csv,22];
CasosAcumuDistrito2020P2=[119.92841418154,480.0,438.40093981156,885.5369928401,76,CasosAcumuDistrito2020P2.csv,22];
CasosAcumuDistrito2021P1=[118.78282955697,66.443914081146,441.837693685263,466.25298329356,77,CasosAcumuDistrito2021P1.csv,22];
CasosAcumuDistrito2021P2=[119.92841418154,478.85441527446,439.54652443613,883.24582338902,77,CasosAcumuDistrito2021P2.csv,22];
MuertesAcumulaDistritoP1=[110.76373718499,171.83770883055,431.52743206415,453.65155131265,80,MuertesAcumulaDistritoP1.csv,22];
MuertesAcumulaDistritoP2=[110.76373718499,470.8353221957,431.52743206415,781.28878281623,80,MuertesAcumulaDistritoP2.csv,22];
ReportPath = D:/temporary/DGE-MINSA_Reports_2021/06_2021/;
ReportName = coronavirus090621.pdf;
Date = 2021-06-08;
