PruebasAcumuladasDepto=[98.16230631474,12.601431980907,479.641986296021,438.75894988067,3,PruebasAcumuladasDepto.csv,26];
CasosAcumuladosDepto=[100.45347556387,461.67064439141,477.350817046884,878.66348448687,3,CasosAcumuladosDepto.csv,26];
CasosPositivosEdades=[143.98569129747,19.474940334129,225.32219964183,437.61336515513,14,CasosPositivosEdades.csv,5];
MuertesAcumuladasDepto=[116.49166030783,273.79474940334,471.622893924042,644.96420047733,21,MuertesAcumuladasDepto.csv,26];
CasosAcumuDistrito2020P1=[113.05490643413,82.482100238663,444.1288629344,468.54415274463,76,CasosAcumuDistrito2020P1.csv,22];
CasosAcumuDistrito2020P2=[114.20049105869,481.14558472554,446.420032183537,864.91646778043,76,CasosAcumuDistrito2020P2.csv,22];
CasosAcumuDistrito2021P1=[114.20049105869,81.336515513126,445.274447558969,471.98090692124,77,CasosAcumuDistrito2021P1.csv,22];
CasosAcumuDistrito2021P2=[111.90932180956,480.0,445.274447558969,868.35322195704,77,CasosAcumuDistrito2021P2.csv,22];
MuertesAcumulaDistritoP1=[107.32698331128,181.00238663484,437.25535518699,451.36038186158,80,MuertesAcumulaDistritoP1.csv,22];
MuertesAcumulaDistritoP2=[106.18139868672,468.54415274463,436.10977056242,764.10501193317,80,MuertesAcumulaDistritoP2.csv,22];
ReportPath = D:/temporary/DGE-MINSA_Reports_2021/06_2021/;
ReportName = coronavirus050621.pdf;
Date = 2021-06-04;
