PruebasAcumuladasDepto=[95.8711370656,9.1646778042959,477.350817046884,426.15751789976,3,PruebasAcumuladasDepto.csv,26];
CasosAcumuladosDepto=[93.57996781646,447.92362768496,476.205232422316,861.47971360382,3,CasosAcumuladosDepto.csv,26];
CasosPositivosEdades=[122.21958343067,22.91169451074,227.61336889097,554.4630071599,15,CasosPositivosEdades.csv,5];
MuertesAcumuladasDepto=[98.16230631474,0.0,484.224324794295,513.22195704057,21,MuertesAcumuladasDepto.csv,26];
CasosAcumuDistrito2020P1=[100.45347556387,46.968973747017,461.312632302927,466.25298329356,77,CasosAcumuDistrito2020P1.csv,22];
CasosAcumuDistrito2020P2=[99.3078909393,482.29116945107,460.167047678358,894.70167064439,77,CasosAcumuDistrito2020P2.csv,22];
CasosAcumuDistrito2021P1=[100.45347556387,51.551312649165,461.312632302927,469.68973747017,78,CasosAcumuDistrito2021P1.csv,22];
CasosAcumuDistrito2021P2=[99.3078909393,482.29116945107,460.167047678358,893.55608591885,78,CasosAcumuDistrito2021P2.csv,22];
MuertesAcumulaDistritoP1=[105.03581406215,184.43914081146,437.25535518699,457.08830548926,81,MuertesAcumulaDistritoP1.csv,22];
MuertesAcumulaDistritoP2=[105.03581406215,468.54415274463,438.40093981156,768.68735083532,81,MuertesAcumulaDistritoP2.csv,22];
ReportPath = D:/temporary/DGE-MINSA_Reports_2021/04_2021/;
ReportName = coronavirus130421.pdf;
Date = 2021-04-12;
