PruebasAcumuladasDepto=[98.16230631474,9.1646778042959,478.496401671453,426.15751789976,3,PruebasAcumuladasDepto.csv,26];
CasosAcumuladosDepto=[97.01672169017,460.52505966587,476.205232422316,860.33412887828,3,CasosAcumuladosDepto.csv,26];
CasosPositivosEdades=[126.80192192895,22.91169451074,228.75895351554,559.04534606205,15,CasosPositivosEdades.csv,5];
MuertesAcumuladasDepto=[100.45347556387,0.0,492.243417166274,531.55131264916,21,MuertesAcumuladasDepto.csv,26];
CasosAcumuDistrito2020P1=[116.49166030783,60.715990453461,442.983278309832,470.8353221957,77,CasosAcumuDistrito2020P1.csv,22];
CasosAcumuDistrito2020P2=[116.49166030783,481.14558472554,441.837693685263,886.68257756563,77,CasosAcumuDistrito2020P2.csv,22];
CasosAcumuDistrito2021P1=[115.34607568326,57.27923627685,444.1288629344,473.12649164678,78,CasosAcumuDistrito2021P1.csv,22];
CasosAcumuDistrito2021P2=[114.20049105869,480.0,442.983278309832,884.39140811456,78,CasosAcumuDistrito2021P2.csv,22];
MuertesAcumulaDistritoP1=[107.32698331128,182.14797136038,438.40093981156,457.08830548926,81,MuertesAcumulaDistritoP1.csv,22];
MuertesAcumulaDistritoP2=[107.32698331128,470.8353221957,437.25535518699,769.83293556086,81,MuertesAcumulaDistritoP2.csv,22];
ReportPath = D:/temporary/DGE-MINSA_Reports_2021/05_2021/;
ReportName = coronavirus150521.pdf;
Date = 2021-05-14;
