PruebasAcumuladasDepto=[94.72555244103,10.310262529833,467.040555425769,426.15751789976,3,PruebasAcumuladasDepto.csv,26];
CasosAcumuladosDepto=[95.8711370656,450.21479713604,468.186140050337,856.89737470167,3,CasosAcumuladosDepto.csv,26];
CasosPositivosEdades=[122.21958343067,21.766109785203,202.41050715046,445.63245823389,14,CasosPositivosEdades.csv,5];
MuertesAcumuladasDepto=[116.49166030783,286.39618138425,471.622893924042,648.40095465394,21,MuertesAcumuladasDepto.csv,26];
CasosAcumuDistrito2020P1=[114.20049105869,82.482100238663,446.420032183537,467.39856801909,76,CasosAcumuDistrito2020P1.csv,22];
CasosAcumuDistrito2020P2=[113.05490643413,480.0,446.420032183537,860.33412887828,76,CasosAcumuDistrito2020P2.csv,22];
CasosAcumuDistrito2021P1=[114.20049105869,84.773269689737,446.420032183537,466.25298329356,77,CasosAcumuDistrito2021P1.csv,22];
CasosAcumuDistrito2021P2=[114.20049105869,477.70883054893,446.420032183537,863.77088305489,77,CasosAcumuDistrito2021P2.csv,22];
MuertesAcumulaDistritoP1=[72.95944457423,179.85680190931,426.94509356587,473.12649164678,80,MuertesAcumulaDistritoP1.csv,22];
MuertesAcumulaDistritoP2=[74.1050291988,490.31026252983,426.94509356587,803.05489260143,80,MuertesAcumulaDistritoP2.csv,22];
ReportPath = D:/temporary/DGE-MINSA_Reports_2021/06_2021/;
ReportName = coronavirus190621.pdf;
Date = 2021-06-18;
