PruebasAcumuladasDepto=[98.16230631474,30.930787589499,479.641986296021,436.46778042959,3,PruebasAcumuladasDepto.csv,26];
CasosAcumuladosDepto=[97.01672169017,470.8353221957,476.205232422316,861.47971360382,3,CasosAcumuladosDepto.csv,26];
CasosPositivosEdades=[142.84010667291,21.766109785203,224.17661501726,437.61336515513,14,CasosPositivosEdades.csv,5];
MuertesAcumuladasDepto=[108.47256793585,285.25059665871,460.167047678358,634.65393794749,21,MuertesAcumuladasDepto.csv,26];
CasosAcumuDistrito2020P1=[114.20049105869,83.6276849642,445.274447558969,473.12649164678,77,CasosAcumuDistrito2020P1.csv,22];
CasosAcumuDistrito2020P2=[113.05490643413,478.85441527446,447.565616808105,870.64439140811,77,CasosAcumuDistrito2020P2.csv,22];
CasosAcumuDistrito2021P1=[111.90932180956,81.336515513126,446.420032183537,471.98090692124,78,CasosAcumuDistrito2021P1.csv,22];
CasosAcumuDistrito2021P2=[117.6372449324,481.14558472554,439.54652443613,879.80906921241,78,CasosAcumuDistrito2021P2.csv,22];
MuertesAcumulaDistritoP1=[113.05490643413,101.95704057279,434.96418593785,452.50596658711,81,MuertesAcumulaDistritoP1.csv,22];
MuertesAcumulaDistritoP2=[111.90932180956,490.31026252983,433.81860131328,833.98568019093,81,MuertesAcumulaDistritoP2.csv,22];
ReportPath = D:/temporary/DGE-MINSA_Reports_2021/09_2021/;
ReportName = coronavirus130921.pdf;
Date = 2021-09-13;
