PruebasAcumuladasDepto=[101.59906018844,3.436754176611,491.097832541706,434.17661097852,3,PruebasAcumuladasDepto.csv,26];
CasosAcumuladosDepto=[100.45347556387,444.48687350835,491.097832541706,864.91646778043,3,CasosAcumuladosDepto.csv,26];
CasosPositivosEdades=[123.36516805524,81.336515513126,204.7016763996,504.05727923628,14,CasosPositivosEdades.csv,5];
MuertesAcumuladasDepto=[109.61815256042,282.95942720764,462.458216927495,632.36276849642,22,MuertesAcumuladasDepto.csv,26];
CasosAcumuDistrito2020P1=[94.72555244103,81.336515513126,428.09067819044,473.12649164678,77,CasosAcumuDistrito2020P1.csv,22];
CasosAcumuDistrito2020P2=[94.72555244103,480.0,426.94509356587,872.93556085919,77,CasosAcumuDistrito2020P2.csv,22];
CasosAcumuDistrito2021P1=[94.72555244103,79.045346062053,429.23626281501,476.56324582339,78,CasosAcumuDistrito2021P1.csv,22];
CasosAcumuDistrito2021P2=[94.72555244103,481.14558472554,425.79950894131,869.49880668258,78,CasosAcumuDistrito2021P2.csv,22];
MuertesAcumulaDistritoP1=[77.5417830725,126.01431980907,412.05249344648,457.08830548926,81,MuertesAcumulaDistritoP1.csv,22];
MuertesAcumulaDistritoP2=[77.5417830725,470.8353221957,409.76132419735,828.25775656325,81,MuertesAcumulaDistritoP2.csv,22];
ReportPath = D:/temporary/DGE-MINSA_Reports_2021/10_2021/;
ReportName = coronavirus161021.pdf;
Date = 2021-10-17;
