PruebasAcumuladasDepto=[102.74464481301,10.310262529833,484.224324794295,434.17661097852,3,PruebasAcumuladasDepto.csv,26];
CasosAcumuladosDepto=[102.74464481301,454.79713603819,481.933155545158,871.78997613365,3,CasosAcumuladosDepto.csv,26];
CasosPositivosEdades=[138.25776817463,21.766109785203,218.44869189442,442.19570405728,14,CasosPositivosEdades.csv,5];
MuertesAcumuladasDepto=[108.47256793585,278.37708830549,462.458216927495,642.67303102625,21,MuertesAcumuladasDepto.csv,26];
CasosAcumuDistrito2020P1=[113.05490643413,87.064439140811,446.420032183537,478.85441527446,77,CasosAcumuDistrito2020P1.csv,22];
CasosAcumuDistrito2020P2=[113.05490643413,481.14558472554,445.274447558969,872.93556085919,77,CasosAcumuDistrito2020P2.csv,22];
CasosAcumuDistrito2021P1=[113.05490643413,85.918854415274,446.420032183537,467.39856801909,78,CasosAcumuDistrito2021P1.csv,22];
CasosAcumuDistrito2021P2=[116.49166030783,484.58233890215,445.274447558969,874.08114558473,78,CasosAcumuDistrito2021P2.csv,22];
MuertesAcumulaDistritoP1=[106.18139868672,114.5584725537,439.54652443613,477.70883054893,81,MuertesAcumulaDistritoP1.csv,22];
MuertesAcumulaDistritoP2=[107.32698331128,486.87350835322,438.40093981156,846.58711217184,81,MuertesAcumulaDistritoP2.csv,22];
ReportPath = D:/temporary/DGE-MINSA_Reports_2021/09_2021/;
ReportName = coronavirus070921.pdf;
Date = 2021-09-08;
