PruebasAcumuladasDepto=[98.16230631474,22.91169451074,470.477309299474,437.61336515513,3,PruebasAcumuladasDepto.csv,26];
CasosAcumuladosDepto=[94.72555244103,453.65155131265,469.331724674906,858.04295942721,3,CasosAcumuladosDepto.csv,26];
CasosPositivosEdades=[118.78282955697,74.463007159905,196.68258402762,493.74701670644,14,CasosPositivosEdades.csv,5];
MuertesAcumuladasDepto=[109.61815256042,282.95942720764,461.312632302927,635.79952267303,21,MuertesAcumuladasDepto.csv,26];
CasosAcumuDistrito2020P1=[93.57996781646,84.773269689737,424.65392431674,469.68973747017,76,CasosAcumuDistrito2020P1.csv,22];
CasosAcumuDistrito2020P2=[92.43438319189,481.14558472554,426.94509356587,868.35322195704,76,CasosAcumuDistrito2020P2.csv,22];
CasosAcumuDistrito2021P1=[93.57996781646,80.190930787589,426.94509356587,461.67064439141,77,CasosAcumuDistrito2021P1.csv,22];
CasosAcumuDistrito2021P2=[93.57996781646,478.85441527446,425.79950894131,855.75178997613,77,CasosAcumuDistrito2021P2.csv,22];
MuertesAcumulaDistritoP1=[78.68736769707,122.57756563246,409.76132419735,461.67064439141,80,MuertesAcumulaDistritoP1.csv,22];
MuertesAcumulaDistritoP2=[79.83295232164,496.03818615752,410.90690882192,828.25775656325,80,MuertesAcumulaDistritoP2.csv,22];
ReportPath = D:/temporary/DGE-MINSA_Reports_2021/08_2021/;
ReportName = coronavirus210821.pdf;
Date = 2021-08-20;
