PruebasAcumuladasDepto=[95.8711370656,8.0190930787589,477.350817046884,420.42959427208,3,PruebasAcumuladasDepto.csv,26];
CasosAcumuladosDepto=[95.8711370656,453.65155131265,478.496401671453,863.77088305489,3,CasosAcumuladosDepto.csv,26];
CasosPositivosEdades=[123.36516805524,18.329355608592,229.90453814011,557.89976133652,15,CasosPositivosEdades.csv,5];
MuertesAcumuladasDepto=[99.3078909393,0.0,485.369909418863,520.09546539379,21,MuertesAcumuladasDepto.csv,26];
CasosAcumuDistrito2020P1=[91.28879856733,29.785202863962,471.622893924042,471.98090692124,77,CasosAcumuDistrito2020P1.csv,22];
CasosAcumuDistrito2020P2=[90.14321394276,481.14558472554,470.477309299474,915.32219570406,77,CasosAcumuDistrito2020P2.csv,22];
CasosAcumuDistrito2021P1=[105.03581406215,29.785202863962,454.439124555516,471.98090692124,78,CasosAcumuDistrito2021P1.csv,22];
CasosAcumuDistrito2021P2=[103.89022943758,476.56324582339,453.293539930948,915.32219570406,78,CasosAcumuDistrito2021P2.csv,22];
MuertesAcumulaDistritoP1=[107.32698331128,181.00238663484,438.40093981156,454.79713603819,81,MuertesAcumulaDistritoP1.csv,22];
MuertesAcumulaDistritoP2=[106.18139868672,469.68973747017,438.40093981156,769.83293556086,81,MuertesAcumulaDistritoP2.csv,22];
ReportPath = D:/temporary/DGE-MINSA_Reports_2021/04_2021/;
ReportName = coronavirus080421.pdf;
Date = 2021-04-08;
