PruebasAcumuladasDepto=[97.01672169017,5.727923627685,476.205232422316,426.15751789976,3,PruebasAcumuladasDepto.csv,26];
CasosAcumuladosDepto=[97.01672169017,452.50596658711,476.205232422316,858.04295942721,3,CasosAcumuladosDepto.csv,26];
CasosPositivosEdades=[124.51075267981,25.202863961814,226.4677842664,565.91885441527,15,CasosPositivosEdades.csv,5];
MuertesAcumuladasDepto=[97.01672169017,0.0,467.040555425769,513.22195704057,21,MuertesAcumuladasDepto.csv,26];
CasosAcumuDistrito2020P1=[114.20049105869,81.336515513126,445.274447558969,474.27207637232,77,CasosAcumuDistrito2020P1.csv,22];
CasosAcumuDistrito2020P2=[114.20049105869,481.14558472554,445.274447558969,862.62529832936,77,CasosAcumuDistrito2020P2.csv,22];
CasosAcumuDistrito2021P1=[113.05490643413,83.6276849642,446.420032183537,467.39856801909,78,CasosAcumuDistrito2021P1.csv,22];
CasosAcumuDistrito2021P2=[113.05490643413,480.0,446.420032183537,864.91646778043,78,CasosAcumuDistrito2021P2.csv,22];
MuertesAcumulaDistritoP1=[106.18139868672,183.29355608592,438.40093981156,452.50596658711,81,MuertesAcumulaDistritoP1.csv,22];
MuertesAcumulaDistritoP2=[106.18139868672,471.98090692124,437.25535518699,769.83293556086,81,MuertesAcumulaDistritoP2.csv,22];
ReportPath = D:/temporary/DGE-MINSA_Reports_2021/05_2021/;
ReportName = coronavirus060521.pdf;
Date = 2021-05-05;
