PruebasAcumuladasDepto=[97.01672169017,10.310262529833,475.059647797748,429.59427207637,3,PruebasAcumuladasDepto.csv,26];
CasosAcumuladosDepto=[99.3078909393,453.65155131265,473.914063173179,858.04295942721,3,CasosAcumuladosDepto.csv,26];
CasosPositivosEdades=[125.65633730438,64.152744630072,204.7016763996,471.98090692124,14,CasosPositivosEdades.csv,5];
MuertesAcumuladasDepto=[108.47256793585,286.39618138425,463.603801552063,631.21718377088,22,MuertesAcumuladasDepto.csv,26];
CasosAcumuDistrito2020P1=[95.8711370656,84.773269689737,426.94509356587,474.27207637232,77,CasosAcumuDistrito2020P1.csv,22];
CasosAcumuDistrito2020P2=[93.57996781646,482.29116945107,425.79950894131,870.64439140811,77,CasosAcumuDistrito2020P2.csv,22];
CasosAcumuDistrito2021P1=[94.72555244103,83.6276849642,424.65392431674,467.39856801909,78,CasosAcumuDistrito2021P1.csv,22];
CasosAcumuDistrito2021P2=[92.43438319189,480.0,425.79950894131,864.91646778043,78,CasosAcumuDistrito2021P2.csv,22];
MuertesAcumulaDistritoP1=[82.12412157078,131.74224343675,414.34366269562,449.0692124105,81,MuertesAcumulaDistritoP1.csv,22];
MuertesAcumulaDistritoP2=[82.12412157078,471.98090692124,412.05249344648,799.61813842482,81,MuertesAcumulaDistritoP2.csv,22];
ReportPath = D:/temporary/DGE-MINSA_Reports_2021/09_2021/;
ReportName = coronavirus250921.pdf;
Date = 2021-09-26;
