ReportPath = D:/temporary/DGE-MINSA_Reports_2021/11_2021/;
ReportFilename = coronavirus261121.pdf;
Areas_PADepto = [88.69022869023,-8.9189667788139,477.130977130977,441.26818747676];
Areas_CADepto = [92.05821205821,440.14552624421,479.376299376299,875.73808447654];
Areas_CPEdades = [114.51143451143,50.582078546736,194.22037422037,508.62786143022];
Areas_MADepto = [106.65280665281,278.48230875592,461.413721413721,635.48858070922];
Areas_CADistr20P1 = [92.05821205821,75.280625663002,431.10187110187,471.58004075582];
Areas_CADistr20P2 = [92.05821205821,472.70270198838,424.3659043659,877.98340694165];
Areas_CADistr21P1 = [90.93555093555,78.648609360675,427.73388773389,470.45737952326];
Areas_CADistr21P2 = [90.93555093555,477.19334691861,426.61122661123,866.75679461608];
Areas_MADistrP1 = [77.46361746362,128.04570359321,410.89397089397,458.10810596513];
Areas_MADistrP2 = [77.46361746362,469.3347182907,410.89397089397,839.8129250347];
