ReportPath = D:/temporary/DGE-MINSA_Reports_2021/11_2021/;
ReportFilename = coronavirus301121.pdf;
Areas_PADepto = [93.73207297773,98.755980861244,474.976058459122,396.17224880383];
Areas_CADepto = [86.84212143289,552.34449760766,477.27270897407,854.35406698565];
Areas_CPEdades = [144.25838430659,10.334928229665,224.64115232977,459.33014354067];
Areas_MADepto = [106.36365080994,285.93301435407,463.492805884382,621.24401913876];
Areas_CADistr20P1 = [116.69857812721,95.311004784689,440.5263007349,455.88516746411];
Areas_CADistr20P2 = [117.84690338469,455.88516746411,440.5263007349,855.5023923445];
Areas_CADistr21P1 = [118.99522864216,95.311004784689,441.674625992374,447.84688995215];
Areas_CADistr21P2 = [117.84690338469,458.18181818182,442.822951249848,854.35406698565];
Areas_MADistrP1 = [105.21532555247,118.27751196172,440.5263007349,447.84688995215];
Areas_MADistrP2 = [106.36365080994,466.22009569378,438.22965021995,815.31100478469];
