ReportPath = D:/temporary/DGE-MINSA_Reports_2021/11_2021/;
ReportFilename = coronavirus261121.pdf;
Areas_PADepto = [92.58374772026,5.7416267942584,476.124383716596,430.62200956938];
Areas_CADepto = [91.43542246278,450.14354066986,477.27270897407,865.83732057416];
Areas_CPEdades = [113.25360235479,58.564593301435,199.37799666534,488.03827751196];
Areas_MADepto = [106.36365080994,282.48803827751,462.344480626907,643.06220095694];
Areas_CADistr20P1 = [91.43542246278,75.789473684211,427.89472290269,467.36842105263];
Areas_CADistr20P2 = [91.43542246278,474.25837320574,426.74639764521,881.91387559809];
Areas_CADistr21P1 = [94.8803982352,75.789473684211,430.19137341763,473.11004784689];
Areas_CADistr21P2 = [90.28709720531,481.14832535885,427.89472290269,866.98564593301];
Areas_MADistrP1 = [77.65551937309,126.31578947368,415.26314507047,469.66507177033];
Areas_MADistrP2 = [79.95216988804,474.25837320574,412.96649455552,832.53588516746];
