PADepto=[92.58374772026,95.311004784689,471.5310826867,401.91387559809,3,PruebasAcumuladoDepto.csv,26];
CADepto=[-1.0,-1.0,-1.0,-1.0,3,CasosAcumuladoDepto.csv,26];
CPEdades=[-1.0,-1.0,-1.0,-1.0,14,CasosPositivosEdades.csv,5];
MADepto=[110.95695183984,274.44976076555,462.344480626907,635.02392344498,22,MuertesAcumuladoDepto.csv,26];
CADistr20P1=[-1.0,-1.0,-1.0,-1.0,77,CasosAcumuladoDistrito2020P1.csv,22];
CADistr20P2=[-1.0,-1.0,-1.0,-1.0,77,CasosAcumuladoDistrito2020P2.csv,22];
CADistr21P1=[-1.0,-1.0,-1.0,-1.0,78,CasosAcumuladoDistrito2021P1.csv,22];
CADistr21P2=[-1.0,-1.0,-1.0,-1.0,78,CasosAcumuladoDistrito2021P2.csv,22];
MADistrP1=[112.10527709731,105.64593301435,431.33969867511,458.18181818182,81,MuertesAcumuladoDistritoP1.csv,22];
MADistrP2=[112.10527709731,466.22009569378,433.63634919006,854.35406698565,81,MuertesAcumuladoDistritoP2.csv,22];
ReportPath = D:/temporary/DGE-MINSA_Reports_2021/11_2021/;
ReportName = coronavirus031121.pdf;
Date = 2021-11-04;
