PADepto=[90.60402684564,-7.9027235905748,483.825503355705,437.86912414678,3,PruebasAcumuladoDepto.csv,26];
CADepto=[91.51006711409,442.39932585142,484.731543624161,873.6745281339,3,CasosAcumuladoDepto.csv,26];
CPEdades=[123.22147651007,74.546947434016,205.6711409396,502.19798835277,14,CasosPositivosEdades.csv,5];
MADepto=[108.72483221477,277.49998380224,459.362416107383,638.10403949221,22,MuertesAcumuladoDepto.csv,26];
CADistr20P1=[93.32214765101,71.828826411228,424.93288590604,476.82885880675,77,CasosAcumuladoDistrito2020P1.csv,22];
CADistr20P2=[93.32214765101,470.48657642024,425.8389261745,884.54701222505,77,CasosAcumuladoDistrito2020P2.csv,22];
CADistr21P1=[92.41610738255,71.828826411228,426.74496644295,489.51342357976,78,CasosAcumuladoDistrito2021P1.csv,22];
CADistr21P2=[95.13422818792,479.54697982954,424.02684563758,895.41949631621,78,CasosAcumuladoDistrito2021P2.csv,22];
MADistrP1=[78.8255033557,99.916076980044,408.62416107383,473.20469744303,81,MuertesAcumuladoDistritoP1.csv,22];
MADistrP2=[78.8255033557,462.33221335187,408.62416107383,859.17788267903,81,MuertesAcumuladoDistritoP2.csv,22];
ReportPath = D:/temporary/DGE-MINSA_Reports_2021/11_2021/;
ReportName = coronavirus051121.pdf;
Date = 2021-11-06;
