PADepto=[95.13422818792,91.761713911678,472.046979865772,416.12415596447,3,PruebasAcumuladoDepto.csv,26];
CADepto=[91.51006711409,554.74832812669,472.953020134228,922.6007065441,3,CasosAcumuladoDepto.csv,26];
CPEdades=[145.87248322148,15.654325273594,224.69798657718,458.70805198816,14,CasosPositivosEdades.csv,5];
MADepto=[108.72483221477,276.59394346131,460.268456375839,636.29195881035,22,MuertesAcumuladoDepto.csv,26];
CADistr20P1=[116.87919463087,93.573794593537,440.335570469799,458.70805198816,77,CasosAcumuladoDistrito2020P1.csv,22];
CADistr20P2=[115.97315436242,452.36576960165,438.52348993289,878.20472983855,77,CasosAcumuladoDistrito2020P2.csv,22];
CADistr21P1=[118.69127516779,74.546947434016,439.42953020134,458.70805198816,78,CasosAcumuladoDistrito2021P1.csv,22];
CADistr21P2=[117.78523489933,455.08389062444,440.335570469799,874.58056847483,78,CasosAcumuladoDistrito2021P2.csv,22];
MADistrP1=[112.34899328859,95.385875275396,431.27516778523,467.76845539745,81,MuertesAcumuladoDistritoP1.csv,22];
MADistrP2=[111.44295302013,466.86241505652,431.27516778523,846.49331790601,81,MuertesAcumuladoDistritoP2.csv,22];
ReportPath = D:/temporary/DGE-MINSA_Reports_2021/11_2021/;
ReportName = coronavirus071121.pdf;
Date = 2021-11-08;
