PADepto=[93.32214765101,90.855673570749,473.859060402685,398.9093894868,3,PruebasAcumuladoDepto.csv,26];
CADepto=[88.79194630872,556.56040880855,474.765100671141,852.83560029252,3,CasosAcumuladoDepto.csv,26];
CPEdades=[143.15436241611,15.654325273594,226.51006711409,457.80201164723,14,CasosPositivosEdades.csv,5];
MADepto=[107.81879194631,282.03018550689,462.080536912752,642.63424119686,22,MuertesAcumuladoDepto.csv,26];
CADistr20P1=[117.78523489933,98.103996298185,440.335570469799,449.64764857886,77,CasosAcumuladoDistrito2020P1.csv,22];
CADistr20P2=[115.97315436242,462.33221335187,435.80536912752,859.17788267903,77,CasosAcumuladoDistrito2020P2.csv,22];
CADistr21P1=[115.06711409396,91.761713911678,439.42953020134,452.36576960165,78,CasosAcumuladoDistrito2021P1.csv,22];
CADistr21P2=[117.78523489933,458.70805198816,439.42953020134,849.2114389288,78,CasosAcumuladoDistrito2021P2.csv,22];
MADistrP1=[108.72483221477,108.97648038934,436.71140939597,452.36576960165,81,MuertesAcumuladoDistritoP1.csv,22];
MADistrP2=[109.63087248322,467.76845539745,434.89932885906,838.33895483765,81,MuertesAcumuladoDistritoP2.csv,22];
ReportPath = D:/temporary/DGE-MINSA_Reports_2021/11_2021/;
ReportName = coronavirus281121.pdf;
Date = 2021-11-29;
