PADepto=[93.32214765101,90.855673570749,472.953020134228,401.62751050959,3,PruebasAcumuladoDepto.csv,26];
CADepto=[90.60402684564,549.31208608111,475.671140939597,855.55372131531,3,CasosAcumuladoDepto.csv,26];
CPEdades=[144.96644295302,12.030163909876,226.51006711409,458.70805198816,14,CasosPositivosEdades.csv,5];
MADepto=[109.63087248322,281.12414516596,462.986577181208,639.91612017407,22,MuertesAcumuladoDepto.csv,26];
CADistr20P1=[113.25503355705,87.23151220703,443.053691275168,455.08389062444,77,CasosAcumuladoDistrito2020P1.csv,22];
CADistr20P2=[116.87919463087,461.42617301094,441.241610738255,856.45976165624,77,CasosAcumuladoDistrito2020P2.csv,22];
CADistr21P1=[117.78523489933,78.171108797735,440.335570469799,456.8959713063,78,CasosAcumuladoDistrito2021P1.csv,22];
CADistr21P2=[116.87919463087,455.98993096537,440.335570469799,858.2718423381,78,CasosAcumuladoDistrito2021P2.csv,22];
MADistrP1=[104.19463087248,110.7885610712,438.52348993289,465.05033437466,81,MuertesAcumuladoDistritoP1.csv,22];
MADistrP2=[103.28859060403,463.2382536928,438.52348993289,834.71479347393,81,MuertesAcumuladoDistritoP2.csv,22];
ReportPath = D:/temporary/DGE-MINSA_Reports_2021/11_2021/;
ReportName = coronavirus171121.pdf;
Date = 2021-11-18;
