PADepto=[93.32214765101,93.573794593537,472.953020134228,400.72147016866,3,PruebasAcumuladoDepto.csv,26];
CADepto=[90.60402684564,558.37248949041,473.859060402685,861.89600370182,3,CasosAcumuladoDepto.csv,26];
CPEdades=[147.68456375839,15.654325273594,224.69798657718,454.17785028351,14,CasosPositivosEdades.csv,5];
MADepto=[108.72483221477,273.87582243852,460.268456375839,639.91612017407,22,MuertesAcumuladoDepto.csv,26];
CADistr20P1=[116.87919463087,84.513391184242,439.42953020134,459.61409232908,77,CasosAcumuladoDistrito2020P1.csv,22];
CADistr20P2=[117.78523489933,453.27180994258,438.52348993289,875.48660881576,77,CasosAcumuladoDistrito2020P2.csv,22];
CADistr21P1=[115.97315436242,82.701310502382,438.52348993289,456.8959713063,78,CasosAcumuladoDistrito2021P1.csv,22];
CADistr21P2=[118.69127516779,440.58724516956,438.52348993289,873.6745281339,78,CasosAcumuladoDistrito2021P2.csv,22];
MADistrP1=[106.91275167785,102.63419800283,437.61744966443,469.58053607931,81,MuertesAcumuladoDistritoP1.csv,22];
MADistrP2=[106.0067114094,448.74160823793,434.89932885906,844.68123722415,81,MuertesAcumuladoDistritoP2.csv,22];
ReportPath = D:/temporary/DGE-MINSA_Reports_2021/11_2021/;
ReportName = coronavirus081121.pdf;
Date = 2021-11-09;
