PADepto=[93.32214765101,88.13755254796,472.046979865772,401.62751050959,3,PruebasAcumuladoDepto.csv,26];
CADepto=[90.60402684564,560.18457017227,474.765100671141,851.02351961066,3,CasosAcumuladoDepto.csv,26];
CPEdades=[144.96644295302,17.466405955453,226.51006711409,455.98993096537,14,CasosPositivosEdades.csv,5];
MADepto=[107.81879194631,286.56038721154,462.080536912752,637.19799915128,22,MuertesAcumuladoDepto.csv,26];
CADistr20P1=[118.69127516779,93.573794593537,441.241610738255,445.11744687421,77,CasosAcumuladoDistrito2020P1.csv,22];
CADistr20P2=[118.69127516779,460.52013267001,437.61744966443,853.74164063345,77,CasosAcumuladoDistrito2020P2.csv,22];
CADistr21P1=[118.69127516779,89.043592888889,441.241610738255,448.74160823793,78,CasosAcumuladoDistrito2021P1.csv,22];
CADistr21P2=[117.78523489933,459.61409232908,439.42953020134,854.64768097438,78,CasosAcumuladoDistrito2021P2.csv,22];
MADistrP1=[104.19463087248,123.47312584421,437.61744966443,454.17785028351,81,MuertesAcumuladoDistritoP1.csv,22];
MADistrP2=[104.19463087248,462.33221335187,436.71140939597,821.12418835998,81,MuertesAcumuladoDistritoP2.csv,22];
ReportPath = D:/temporary/DGE-MINSA_Reports_2021/11_2021/;
ReportName = coronavirus221121.pdf;
Date = 2021-11-23;
