PADepto=[92.58374772026,95.311004784689,471.5310826867,401.91387559809,3,PruebasAcumuladoDepto.csv,26];
CADepto=[91.43542246278,559.23444976077,474.976058459122,850.90909090909,3,CasosAcumuladoDepto.csv,26];
CPEdades=[148.85168533649,16.076555023924,226.93780284472,458.18181818182,14,CasosPositivosEdades.csv,5];
MADepto=[109.80862658237,282.48803827751,461.196155369433,639.61722488038,22,MuertesAcumuladoDepto.csv,26];
CADistr20P1=[117.84690338469,95.311004784689,441.674625992374,455.88516746411,77,CasosAcumuladoDistrito2020P1.csv,22];
CADistr20P2=[117.84690338469,457.03349282297,437.08132496248,866.98564593301,77,CasosAcumuladoDistrito2020P2.csv,22];
CADistr21P1=[118.99522864216,130.90909090909,427.89472290269,462.77511961722,78,CasosAcumuladoDistrito2021P1.csv,22];
CADistr21P2=[117.84690338469,468.51674641148,427.89472290269,842.87081339713,78,CasosAcumuladoDistrito2021P2.csv,22];
MADistrP1=[106.36365080994,122.87081339713,440.5263007349,467.36842105263,81,MuertesAcumuladoDistritoP1.csv,22];
MADistrP2=[106.36365080994,469.66507177033,437.08132496248,837.12918660287,81,MuertesAcumuladoDistritoP2.csv,22];
ReportPath = D:/temporary/DGE-MINSA_Reports_2021/11_2021/;
ReportName = coronavirus021121.pdf;
Date = 2021-11-03;
