PADepto=[91.51006711409,-4.2785622268566,474.765100671141,433.33892244213,3,PruebasAcumuladoDepto.csv,26];
CADepto=[92.41610738255,441.49328551049,476.577181208054,867.33224574739,3,CasosAcumuladoDepto.csv,26];
CPEdades=[115.97315436242,56.426140615425,197.51677852349,487.7013428979,14,CasosPositivosEdades.csv,5];
MADepto=[108.72483221477,281.12414516596,462.080536912752,638.10403949221,22,MuertesAcumuladoDepto.csv,26];
CADistr20P1=[93.32214765101,74.546947434016,427.65100671141,474.11073778396,77,CasosAcumuladoDistrito2020P1.csv,22];
CADistr20P2=[93.32214765101,476.82885880675,426.74496644295,867.33224574739,77,CasosAcumuladoDistrito2020P2.csv,22];
CADistr21P1=[91.51006711409,75.452987774946,426.74496644295,474.11073778396,78,CasosAcumuladoDistrito2021P1.csv,22];
CADistr21P2=[92.41610738255,475.01677812489,427.65100671141,863.70808438367,78,CasosAcumuladoDistrito2021P2.csv,22];
MADistrP1=[77.01342281879,128.00332754886,412.24832214765,452.36576960165,81,MuertesAcumuladoDistritoP1.csv,22];
MADistrP2=[77.91946308725,474.11073778396,410.43624161074,829.27855142835,81,MuertesAcumuladoDistritoP2.csv,22];
ReportPath = D:/temporary/DGE-MINSA_Reports_2021/11_2021/;
ReportName = coronavirus261121.pdf;
Date = 2021-11-27;
