PADepto=[92.41610738255,-12.432925295223,486.543624161074,447.835567897,3,PruebasAcumuladoDepto.csv,26];
CADepto=[92.41610738255,428.80872073748,484.731543624161,871.86244745204,3,CasosAcumuladoDepto.csv,26];
CPEdades=[124.12751677852,52.801979251707,202.95302013423,481.35906051139,14,CasosPositivosEdades.csv,5];
MADepto=[107.81879194631,285.65434687061,460.268456375839,639.01007983314,22,MuertesAcumuladoDepto.csv,26];
CADistr20P1=[92.41610738255,79.983189479594,426.74496644295,493.13758494348,77,CasosAcumuladoDistrito2020P1.csv,22];
CADistr20P2=[94.22818791946,480.45302017046,425.8389261745,903.57385938458,77,CasosAcumuladoDistrito2020P2.csv,22];
CADistr21P1=[92.41610738255,54.614059933566,426.74496644295,477.73489914768,78,CasosAcumuladoDistrito2021P1.csv,22];
CADistr21P2=[93.32214765101,465.05033437466,425.8389261745,884.54701222505,78,CasosAcumuladoDistrito2021P2.csv,22];
MADistrP1=[80.63758389262,98.103996298185,414.96644295302,467.76845539745,81,MuertesAcumuladoDistritoP1.csv,22];
MADistrP2=[79.73154362416,453.27180994258,415.87248322148,858.2718423381,81,MuertesAcumuladoDistritoP2.csv,22];
ReportPath = D:/temporary/DGE-MINSA_Reports_2021/11_2021/;
ReportName = coronavirus161121.pdf;
Date = 2021-11-17;
