PADepto=[97.85234899329,-5.1846025677861,489.261744966443,441.49328551049,3,PruebasAcumuladoDepto.csv,26];
CADepto=[96.04026845638,441.49328551049,488.355704697987,874.58056847483,3,CasosAcumuladoDepto.csv,26];
CPEdades=[115.97315436242,72.734866752157,197.51677852349,496.7617463072,14,CasosPositivosEdades.csv,5];
MADepto=[107.81879194631,286.56038721154,460.268456375839,639.01007983314,22,MuertesAcumuladoDepto.csv,26];
CADistr20P1=[94.22818791946,80.889229820523,426.74496644295,488.60738323883,77,CasosAcumuladoDistrito2020P1.csv,22];
CADistr20P2=[93.32214765101,471.39261676117,425.8389261745,889.0772139297,77,CasosAcumuladoDistrito2020P2.csv,22];
CADistr21P1=[93.32214765101,79.077149138664,426.74496644295,482.26510085232,78,CasosAcumuladoDistrito2021P1.csv,22];
CADistr21P2=[93.32214765101,482.26510085232,428.55704697987,889.0772139297,78,CasosAcumuladoDistrito2021P2.csv,22];
MADistrP1=[80.63758389262,137.96977129909,413.15436241611,471.39261676117,81,MuertesAcumuladoDistritoP1.csv,22];
MADistrP2=[81.54362416107,484.07718153418,413.15436241611,846.49331790601,81,MuertesAcumuladoDistritoP2.csv,22];
ReportPath = D:/temporary/DGE-MINSA_Reports_2021/11_2021/;
ReportName = coronavirus131121.pdf;
Date = 2021-11-14;
