PADepto=[93.32214765101,-5.1846025677861,476.577181208054,436.05704346492,3,PruebasAcumuladoDepto.csv,26];
CADepto=[92.41610738255,441.49328551049,474.765100671141,864.6141247246,3,CasosAcumuladoDepto.csv,26];
CPEdades=[115.97315436242,79.983189479594,197.51677852349,505.82214971649,14,CasosPositivosEdades.csv,5];
MADepto=[105.10067114094,286.56038721154,459.362416107383,639.91612017407,22,MuertesAcumuladoDepto.csv,26];
CADistr20P1=[92.41610738255,75.452987774946,425.8389261745,474.11073778396,77,CasosAcumuladoDistrito2020P1.csv,22];
CADistr20P2=[92.41610738255,474.11073778396,425.8389261745,871.86244745204,77,CasosAcumuladoDistrito2020P2.csv,22];
CADistr21P1=[92.41610738255,77.265068456805,427.65100671141,468.67449573838,78,CasosAcumuladoDistrito2021P1.csv,22];
CADistr21P2=[94.22818791946,478.64093948861,426.74496644295,870.95640711111,78,CasosAcumuladoDistrito2021P2.csv,22];
MADistrP1=[74.29530201342,126.191246867,407.71812080537,455.98993096537,81,MuertesAcumuladoDistritoP1.csv,22];
MADistrP2=[74.29530201342,467.76845539745,408.62416107383,830.18459176928,81,MuertesAcumuladoDistritoP2.csv,22];
ReportPath = D:/temporary/DGE-MINSA_Reports_2021/11_2021/;
ReportName = coronavirus271121.pdf;
Date = 2021-11-28;
