PADepto=[96.04026845638,93.573794593537,471.140939597315,404.34563153238,3,PruebasAcumuladoDepto.csv,26];
CADepto=[90.60402684564,561.0906105132,474.765100671141,857.36580199717,3,CasosAcumuladoDepto.csv,26];
CPEdades=[144.06040268456,9.312042887087,223.79194630872,462.33221335187,14,CasosPositivosEdades.csv,5];
MADepto=[107.81879194631,285.65434687061,461.174496644295,645.35236221965,22,MuertesAcumuladoDepto.csv,26];
CADistr20P1=[117.78523489933,97.197955957256,440.335570469799,454.17785028351,77,CasosAcumuladoDistrito2020P1.csv,22];
CADistr20P2=[118.69127516779,458.70805198816,438.52348993289,861.89600370182,77,CasosAcumuladoDistrito2020P2.csv,22];
CADistr21P1=[117.78523489933,93.573794593537,440.335570469799,452.36576960165,78,CasosAcumuladoDistrito2021P1.csv,22];
CADistr21P2=[117.78523489933,456.8959713063,438.52348993289,863.70808438367,78,CasosAcumuladoDistrito2021P2.csv,22];
MADistrP1=[110.53691275168,105.35231902562,433.9932885906,460.52013267001,81,MuertesAcumuladoDistritoP1.csv,22];
MADistrP2=[110.53691275168,465.95637471559,433.9932885906,850.11747926973,81,MuertesAcumuladoDistritoP2.csv,22];
ReportPath = D:/temporary/DGE-MINSA_Reports_2021/11_2021/;
ReportName = coronavirus141121.pdf;
Date = 2021-11-15;
