PADepto=[96.02872349268,1.1483253588517,488.755961548811,436.36363636364,3,PruebasAcumuladoDepto.csv,26];
CADepto=[94.8803982352,439.80861244019,489.904286806285,854.35406698565,3,CasosAcumuladoDepto.csv,26];
CPEdades=[123.58852967206,58.564593301435,206.26794821019,469.66507177033,14,CasosPositivosEdades.csv,5];
MADepto=[110.95695183984,284.78468899522,462.344480626907,632.72727272727,22,MuertesAcumuladoDepto.csv,26];
CADistr20P1=[93.73207297773,75.789473684211,427.89472290269,471.96172248804,77,CasosAcumuladoDistrito2020P1.csv,22];
CADistr20P2=[93.73207297773,475.40669856459,425.59807238774,877.32057416268,77,CasosAcumuladoDistrito2020P2.csv,22];
CADistr21P1=[96.02872349268,86.124401913876,425.59807238774,483.44497607656,78,CasosAcumuladoDistrito2021P1.csv,22];
CADistr21P2=[94.8803982352,481.14832535885,429.04304816016,889.95215311005,78,CasosAcumuladoDistrito2021P2.csv,22];
MADistrP1=[87.99044669036,129.76076555024,422.15309661531,458.18181818182,81,MuertesAcumuladoDistritoP1.csv,22];
MADistrP2=[87.99044669036,469.66507177033,421.00477135784,825.64593301435,81,MuertesAcumuladoDistritoP2.csv,22];
ReportPath = D:/temporary/DGE-MINSA_Reports_2021/11_2021/;
ReportName = coronavirus011121.pdf;
Date = 2021-10-31;
