PADepto=[92.41610738255,88.13755254796,472.046979865772,402.53355085052,3,PruebasAcumuladoDepto.csv,26];
CADepto=[89.69798657718,560.18457017227,477.48322147651,859.17788267903,3,CasosAcumuladoDepto.csv,26];
CPEdades=[144.06040268456,2.96976050058,226.51006711409,467.76845539745,14,CasosPositivosEdades.csv,5];
MADepto=[107.81879194631,284.74830652968,461.174496644295,642.63424119686,22,MuertesAcumuladoDepto.csv,26];
CADistr20P1=[115.97315436242,86.325471866101,441.241610738255,458.70805198816,77,CasosAcumuladoDistrito2020P1.csv,22];
CADistr20P2=[115.06711409396,453.27180994258,440.335570469799,863.70808438367,77,CasosAcumuladoDistrito2020P2.csv,22];
CADistr21P1=[116.87919463087,87.23151220703,442.147651006711,453.27180994258,78,CasosAcumuladoDistrito2021P1.csv,22];
CADistr21P2=[115.06711409396,453.27180994258,439.42953020134,856.45976165624,78,CasosAcumuladoDistrito2021P2.csv,22];
MADistrP1=[104.19463087248,116.22480311678,439.42953020134,460.52013267001,81,MuertesAcumuladoDistritoP1.csv,22];
MADistrP2=[104.19463087248,462.33221335187,435.80536912752,844.68123722415,81,MuertesAcumuladoDistritoP2.csv,22];
ReportPath = D:/temporary/DGE-MINSA_Reports_2021/11_2021/;
ReportName = coronavirus181121.pdf;
Date = 2021-11-19;
