PADepto=[93.32214765101,98.103996298185,472.953020134228,397.09730880494,3,PruebasAcumuladoDepto.csv,26];
CADepto=[89.69798657718,560.18457017227,476.577181208054,852.83560029252,3,CasosAcumuladoDepto.csv,26];
CPEdades=[145.87248322148,10.218083228017,225.60402684564,456.8959713063,14,CasosPositivosEdades.csv,5];
MADepto=[107.81879194631,282.03018550689,462.080536912752,641.72820085593,22,MuertesAcumuladoDepto.csv,26];
CADistr20P1=[115.97315436242,89.043592888889,441.241610738255,449.64764857886,77,CasosAcumuladoDistrito2020P1.csv,22];
CADistr20P2=[116.87919463087,455.08389062444,437.61744966443,861.89600370182,77,CasosAcumuladoDistrito2020P2.csv,22];
CADistr21P1=[116.87919463087,91.761713911678,440.335570469799,452.36576960165,78,CasosAcumuladoDistrito2021P1.csv,22];
CADistr21P2=[117.78523489933,458.70805198816,439.42953020134,862.80204404274,78,CasosAcumuladoDistrito2021P2.csv,22];
MADistrP1=[109.63087248322,99.916076980044,433.9932885906,461.42617301094,81,MuertesAcumuladoDistritoP1.csv,22];
MADistrP2=[107.81879194631,464.14429403373,433.9932885906,847.39935824694,81,MuertesAcumuladoDistritoP2.csv,22];
ReportPath = D:/temporary/DGE-MINSA_Reports_2021/11_2021/;
ReportName = coronavirus211121.pdf;
Date = 2021-11-21;
