PADepto=[96.02872349268,91.866028708134,476.124383716596,408.8038277512,3,PruebasAcumuladoDepto.csv,26];
CADepto=[92.58374772026,555.78947368421,477.27270897407,923.25358851675,3,CasosAcumuladoDepto.csv,26];
CPEdades=[146.55503482154,14.928229665072,226.93780284472,458.18181818182,14,CasosPositivosEdades.csv,5];
MADepto=[108.66030132489,281.33971291866,462.344480626907,640.76555023923,22,MuertesAcumuladoDepto.csv,26];
CADistr20P1=[115.55025286974,89.569377990431,443.971276507322,448.995215311,77,CasosAcumuladoDistrito2020P1.csv,22];
CADistr20P2=[118.99522864216,457.03349282297,442.822951249848,871.57894736842,77,CasosAcumuladoDistrito2020P2.csv,22];
CADistr21P1=[116.69857812721,94.162679425837,443.971276507322,458.18181818182,78,CasosAcumuladoDistrito2021P1.csv,22];
CADistr21P2=[117.84690338469,454.73684210526,445.119601764796,858.94736842105,78,CasosAcumuladoDistrito2021P2.csv,22];
MADistrP1=[104.067000295,117.12918660287,438.22965021995,444.4019138756,81,MuertesAcumuladoDistritoP1.csv,22];
MADistrP2=[105.21532555247,465.07177033493,435.932999705,824.4976076555,81,MuertesAcumuladoDistritoP2.csv,22];
ReportPath = D:/temporary/DGE-MINSA_Reports_2021/11_2021/;
ReportName = coronavirus301121.pdf;
Date = 2021-11-30;
