PADepto=[94.22818791946,90.855673570749,472.953020134228,410.68791391889,3,PruebasAcumuladoDepto.csv,26];
CADepto=[88.79194630872,548.40604574018,473.859060402685,858.2718423381,3,CasosAcumuladoDepto.csv,26];
CPEdades=[145.87248322148,9.312042887087,225.60402684564,466.86241505652,14,CasosPositivosEdades.csv,5];
MADepto=[108.72483221477,284.74830652968,460.268456375839,640.822160515,22,MuertesAcumuladoDepto.csv,26];
CADistr20P1=[115.97315436242,96.291915616326,440.335570469799,454.17785028351,77,CasosAcumuladoDistrito2020P1.csv,22];
CADistr20P2=[117.78523489933,458.70805198816,439.42953020134,854.64768097438,77,CasosAcumuladoDistrito2020P2.csv,22];
CADistr21P1=[115.97315436242,89.043592888889,442.147651006711,446.92952755607,78,CasosAcumuladoDistrito2021P1.csv,22];
CADistr21P2=[115.97315436242,458.70805198816,440.335570469799,851.92955995159,78,CasosAcumuladoDistrito2021P2.csv,22];
MADistrP1=[109.63087248322,107.16439970748,433.08724832215,460.52013267001,81,MuertesAcumuladoDistritoP1.csv,22];
MADistrP2=[110.53691275168,469.58053607931,432.18120805369,836.52687415579,81,MuertesAcumuladoDistritoP2.csv,22];
ReportPath = D:/temporary/DGE-MINSA_Reports_2021/11_2021/;
ReportName = coronavirus211121.pdf;
Date = 2021-11-22;
