PADepto=[93.32214765101,-6.9966832496453,482.919463087248,437.86912414678,3,PruebasAcumuladoDepto.csv,26];
CADepto=[89.69798657718,430.62080141934,482.919463087248,878.20472983855,3,CasosAcumuladoDepto.csv,26];
CPEdades=[111.44295302013,43.741575842411,193.89261744966,469.58053607931,14,CasosPositivosEdades.csv,5];
MADepto=[108.72483221477,272.96978209759,462.986577181208,641.72820085593,22,MuertesAcumuladoDepto.csv,26];
CADistr20P1=[93.32214765101,54.614059933566,426.74496644295,478.64093948861,77,CasosAcumuladoDistrito2020P1.csv,22];
CADistr20P2=[92.41610738255,470.48657642024,425.8389261745,893.60741563435,77,CasosAcumuladoDistrito2020P2.csv,22];
CADistr21P1=[92.41610738255,52.801979251707,424.93288590604,474.11073778396,78,CasosAcumuladoDistrito2021P1.csv,22];
CADistr21P2=[94.22818791946,468.67449573838,426.74496644295,883.64097188412,78,CasosAcumuladoDistrito2021P2.csv,22];
MADistrP1=[87.88590604027,113.50668209399,418.59060402685,466.86241505652,81,MuertesAcumuladoDistritoP1.csv,22];
MADistrP2=[86.97986577181,464.14429403373,418.59060402685,836.52687415579,81,MuertesAcumuladoDistritoP2.csv,22];
ReportPath = D:/temporary/DGE-MINSA_Reports_2021/11_2021/;
ReportName = coronavirus061121.pdf;
Date = 2021-11-07;
