Dia,PCR,PR,AG,Casos_Totales
2021-09-01,8328,28588,11268,48184
2021-09-02,8335,28593,11285,48213
2021-09-03,8335,28595,11287,48217
2021-09-04,8338,28596,11292,48226
2021-09-05,8338,28597,11293,48228
2021-09-06,8340,28598,11301,48239
2021-09-07,8341,28599,11309,48249
2021-09-08,8350,28599,11314,48263
2021-09-09,8353,28599,11318,48270
2021-09-10,8358,28601,11333,48292
