Dia,PCR,PR,AG,Casos_Totales
2021-04-05,5894,25290,3527,34711
2021-04-06,5953,25334,3679,34966
2021-04-07,6027,25396,3877,35300
2021-04-08,6059,25470,4080,35609
2021-04-09,6129,25544,4231,35904
2021-04-10,6164,25612,4368,36144
2021-04-11,6169,25624,4438,36231
2021-04-12,6183,25672,4564,36419
2021-04-13,6222,25712,4771,36705
2021-04-14,6313,25800,4926,37039
2021-04-15,6356,25860,5126,37342
2021-04-16,6400,25931,5302,37633
2021-04-17,6445,26007,5459,37911
2021-04-18,6454,26024,5536,38014
2021-04-19,6479,26064,5662,38205
2021-04-20,6540,26097,5791,38428
2021-04-21,6573,26144,5951,38668
2021-04-22,6644,26196,6128,38968
2021-04-23,6664,26238,6282,39184
2021-04-24,6706,26307,6415,39428
2021-04-25,6706,26330,6483,39519
2021-04-26,6744,26373,6656,39773
2021-04-27,6780,26404,6782,39966
2021-04-28,6828,26452,6871,40151
2021-04-29,6860,26488,6993,40341
2021-04-30,6884,26514,7039,40437
2021-05-01,6909,26529,7101,40539
2021-05-02,6909,26537,7112,40558
2021-05-03,6938,26582,7170,40690
2021-05-04,7019,26628,7228,40875
2021-05-05,7045,26692,7300,41037
2021-05-06,7105,26776,7365,41246
2021-05-07,7115,26814,7458,41387
2021-05-08,7130,26842,7538,41510
2021-05-09,7130,26849,7558,41537
2021-05-10,7161,26916,7667,41744
2021-05-11,7193,27029,7760,41982
2021-05-12,7210,27116,7829,42155
2021-05-13,7246,27152,7907,42305
2021-05-14,7265,27200,7960,42425
2021-05-15,7281,27221,8011,42513
2021-05-16,7281,27236,8032,42549
2021-05-17,7308,27295,8101,42704
2021-05-18,7343,27327,8191,42861
2021-05-19,7354,27362,8261,42977
2021-05-20,7378,27416,8328,43122
2021-05-21,7390,27458,8381,43229
2021-05-22,7404,27472,8436,43312
2021-05-23,7404,27479,8452,43335
2021-05-24,7416,27502,8526,43444
2021-05-25,7434,27623,8574,43631
2021-05-26,7440,27681,8640,43761
2021-05-27,7453,27708,8684,43845
2021-05-28,7465,27728,8736,43929
2021-05-29,7472,27754,8779,44005
2021-05-30,7472,27754,8779,44005
2021-05-31,7488,27794,8845,44127
2021-06-01,7498,27822,8889,44209
2021-06-02,7498,27834,8934,44266
2021-06-03,7524,27858,8981,44363
2021-06-04,7534,27876,9052,44462
2021-06-05,7539,27893,9071,44503
2021-06-06,7539,27903,9076,44518
2021-06-07,7554,27938,9104,44596
2021-06-08,7563,27963,9151,44677
2021-06-09,7576,27981,9216,44773
2021-06-10,7585,27992,9257,44834
2021-06-11,7597,27995,9300,44892
2021-06-12,7613,28003,9328,44944
2021-06-13,7613,28005,9335,44953
2021-06-14,7631,28038,9372,45041
2021-06-15,7675,28069,9430,45174
2021-06-16,7687,28093,9486,45266
2021-06-17,7696,28116,9539,45351
2021-06-18,7719,28122,9577,45418
2021-06-19,7735,28139,9608,45482
2021-06-20,7735,28158,9613,45506
2021-06-21,7753,28162,9660,45575
2021-06-22,7753,28172,9714,45639
2021-06-23,7796,28183,9775,45754
2021-06-24,7796,28188,9789,45773
2021-06-25,7815,28201,9824,45840
2021-06-26,7815,28223,9868,45906
2021-06-27,7829,28229,9870,45928
2021-06-28,7829,28246,9911,45986
2021-06-29,7829,28250,9952,46031
2021-06-30,7878,28259,9993,46130
2021-07-01,7885,28272,10013,46170
2021-07-02,7898,28286,10043,46227
2021-07-03,7904,28293,10067,46264
2021-07-04,7904,28293,10091,46288
2021-07-05,7912,28309,10124,46345
2021-07-06,7919,28322,10161,46402
2021-07-07,7929,28339,10201,46469
2021-07-08,7940,28343,10239,46522
2021-07-09,7951,28370,10267,46588
2021-07-10,7961,28379,10285,46625
2021-07-11,7961,28379,10292,46632
2021-07-12,7975,28386,10341,46702
2021-07-13,7991,28395,10377,46763
2021-07-14,8006,28404,10404,46814
2021-07-15,8016,28415,10436,46867
2021-07-16,8021,28418,10472,46911
2021-07-17,8034,28430,10508,46972
2021-07-18,8034,28433,10515,46982
2021-07-19,8049,28440,10548,47037
2021-07-20,8065,28442,10572,47079
2021-07-21,8080,28449,10614,47143
2021-07-22,8088,28453,10658,47199
2021-07-23,8104,28456,10684,47244
2021-07-24,8117,28460,10705,47282
2021-07-25,8117,28462,10712,47291
2021-07-26,8126,28466,10756,47348
2021-07-27,8141,28472,10776,47389
2021-07-28,8141,28473,10794,47408
2021-07-29,8141,28475,10805,47421
2021-07-30,8163,28477,10826,47466
2021-07-31,8169,28481,10840,47490
2021-08-01,8169,28486,10844,47499
2021-08-02,8179,28487,10873,47539
2021-08-03,8187,28489,10909,47585
2021-08-04,8192,28499,10939,47630
2021-08-05,8200,28503,10958,47661
2021-08-06,8201,28508,10977,47686
2021-08-07,8211,28513,10988,47712
2021-08-08,8211,28515,10991,47717
2021-08-09,8216,28517,11022,47755
2021-08-10,8226,28527,11043,47796
2021-08-11,8234,28537,11055,47826
2021-08-12,8238,28542,11075,47855
2021-08-13,8245,28546,11093,47884
2021-08-14,8257,28548,11101,47906
2021-08-15,8257,28550,11109,47916
2021-08-16,8261,28551,11131,47943
2021-08-17,8264,28560,11144,47968
2021-08-18,8269,28561,11157,47987
2021-08-19,8279,28563,11164,48006
2021-08-20,8281,28565,11169,48015
2021-08-21,8284,28568,11177,48029
2021-08-22,8284,28568,11178,48030
2021-08-23,8298,28572,11195,48065
2021-08-24,8301,28576,11200,48077
2021-08-25,8305,28577,11209,48091
2021-08-26,8306,28579,11224,48109
2021-08-27,8312,28580,11229,48121
2021-08-28,8319,28581,11239,48139
2021-08-29,8319,28581,11241,48141
2021-08-30,8319,28583,11246,48148
2021-08-31,8327,28587,11254,48168
2021-09-01,8328,28588,11268,48184
2021-09-02,8335,28593,11285,48213
2021-09-03,8335,28595,11287,48217
2021-09-04,8338,28596,11292,48226
2021-09-05,8338,28597,11293,48228
2021-09-06,8340,28598,11301,48239
2021-09-07,8341,28599,11309,48249
2021-09-08,8350,28599,11314,48263
2021-09-09,8353,28599,11318,48270
2021-09-10,8358,28601,11333,48292
2021-09-11,8360,28601,11335,48296
2021-09-12,8360,28604,11340,48304
2021-09-13,8363,28604,11351,48318
2021-09-14,8369,28604,11364,48337
2021-09-15,8370,28606,11370,48346
2021-09-16,8375,28607,11378,48360
2021-09-17,8380,28614,11388,48382
2021-09-18,8380,28615,11396,48391
2021-09-19,8386,28615,11398,48399
2021-09-20,8390,28616,11406,48412
2021-09-21,8396,28619,11408,48423
2021-09-22,8397,28621,11418,48436
2021-09-23,8400,28625,11435,48460
2021-09-24,8401,28625,11451,48477
2021-09-25,8405,28627,11474,48506
2021-09-26,8405,28629,11478,48512
2021-09-27,8406,28629,11488,48523
2021-09-28,8409,28630,11499,48538
2021-09-29,8411,28633,11507,48551
2021-09-30,8413,28635,11517,48565
2021-10-01,8417,28635,11523,48575
2021-10-02,8425,28637,11528,48590
2021-10-03,8425,28638,11530,48593
2021-10-04,8426,28638,11541,48605
2021-10-05,8430,28639,11551,48620
2021-10-06,8431,28641,11557,48629
2021-10-07,8433,28643,11564,48640
2021-10-08,8433,28643,11565,48641
2021-10-09,8437,28644,11571,48652
2021-10-10,8437,28644,11574,48655
2021-10-11,8439,28644,11581,48664
2021-10-12,8440,28645,11583,48668
2021-10-13,8441,28645,11594,48680
2021-10-14,8441,28649,11596,48686
2021-10-15,8444,28649,11604,48697
2021-10-16,8445,28649,11607,48701
2021-10-17,8445,28649,11608,48702
2021-10-18,8446,28650,11616,48712
2021-10-19,8447,28654,11619,48720
2021-10-20,8447,28654,11634,48735
2021-10-21,8450,28656,11641,48747
2021-10-22,8454,28656,11645,48755
2021-10-23,8456,28656,11651,48763
2021-10-24,8456,28656,11653,48765
2021-10-25,8459,28656,11654,48769
2021-10-26,8460,28656,11661,48777
2021-10-27,8463,28657,11670,48790
2021-10-28,8463,28659,11673,48795
2021-10-29,8466,28659,11679,48804
2021-10-30,8466,28659,11684,48809
2021-10-31,8466,28659,11684,48809
2021-11-01,8466,28659,11686,48811
2021-11-02,8466,28660,11691,48817
2021-11-03,8470,28661,11702,48833
2021-11-04,8473,28664,11709,48846
2021-11-05,8474,28664,11713,48851
2021-11-06,8476,28666,11715,48857
2021-11-07,8476,28666,11717,48859
2021-11-08,8480,28666,11721,48867
2021-11-09,8484,28666,11727,48877
2021-11-10,8486,28666,11735,48887
2021-11-11,8491,28666,11737,48894
2021-11-12,8492,28670,11745,48907
2021-11-13,8495,28670,11755,48920
2021-11-14,8495,28671,11758,48924
2021-11-15,8500,28671,11766,48937
2021-11-16,8505,28674,11776,48955
2021-11-17,8507,28674,11783,48964
2021-11-18,8508,28674,11789,48971
2021-11-19,8509,28674,11798,48981
2021-11-20,8512,28674,11803,48989
2021-11-21,8512,28674,11803,48989
2021-11-22,8515,28674,11806,48995
2021-11-23,8515,28674,11810,48999
2021-11-24,8516,28674,11813,49003
2021-11-25,8523,28674,11821,49018
2021-11-26,8526,28674,11832,49032
2021-11-27,8532,28675,11837,49044
2021-11-28,8532,28678,11840,49050
2021-11-29,8535,28679,11848,49062
2021-11-30,8536,28679,11854,49069
2021-12-01,8537,28679,11860,49076
